排名	关键词	热度	特征	时间
1	罗晋为唐嫣孙坚聚会订火锅	4075206	热	2020-08-11T05:58:34.202007
2	特朗普简报会被白宫外枪击打断	2878080		2020-08-11T05:58:34.202189
3	雷军十年演讲	2048387	荐	2020-08-11T05:58:34.202312
4	武汉病毒所所长驳病毒起源阴谋论	1741513	新	2020-08-11T05:58:34.202461
5	密室大逃脱官微回应	1725613	沸	2020-08-11T05:58:34.202608
6	李尖尖 小葱花	1670177	新	2020-08-11T05:58:34.202753
7	张萌写超长小作文回应淘汰	1490705		2020-08-11T05:58:34.202899
8	河南科技大学回应男女混住	1191768	新	2020-08-11T05:58:34.203014
9	擅自穿越九寨沟被困6人获救后被罚	1057078		2020-08-11T05:58:34.203157
10	戚薇吐槽工作室P图	1001034	热	2020-08-11T05:58:34.203272
11	巴黎世家七夕广告 土	891025		2020-08-11T05:58:34.203427
12	路人镜头下的明星	751138		2020-08-11T05:58:34.203560
13	苹果起诉创业公司梨型logo	605116		2020-08-11T05:58:34.203689
14	黎巴嫩总理宣布政府辞职	541721		2020-08-11T05:58:34.203815
15	麦当劳起诉前CEO	484839	新	2020-08-11T05:58:34.203940
16	硬糖少女首张EP	481924	新	2020-08-11T05:58:34.204120
17	被许蔚气死	467542		2020-08-11T05:58:34.204281
18	股市	385708	新	2020-08-11T05:58:34.204406
19	监管部门介入绿茶餐厅卫生乱象	375941		2020-08-11T05:58:34.204562
20	光遇	375489	新	2020-08-11T05:58:34.204688
21	2020亚洲小姐竞选面试	373812	新	2020-08-11T05:58:34.204845
22	广东1100多岁古榕树倒塌	371427		2020-08-11T05:58:34.205002
23	我和我的家乡预告	350036	新	2020-08-11T05:58:34.205128
24	广西容县通报男子锁妻	341760		2020-08-11T05:58:34.205286
25	暴风集团或被终止上市	337587	新	2020-08-11T05:58:34.205410
26	鞠婧祎采访的笑点	334488		2020-08-11T05:58:34.205567
27	肖战	329741		2020-08-11T05:58:34.205690
28	世卫组织称零号病人不一定来自武汉	323189		2020-08-11T05:58:34.205814
29	美政府考虑阻止部分美国人入境	321512		2020-08-11T05:58:34.205939
30	美国近10万儿童在两周内感染新冠	320420	新	2020-08-11T05:58:34.206061
31	以家人之名	299566		2020-08-11T05:58:34.206214
32	社区证实乞讨钉子户生活困难	275240	新	2020-08-11T05:58:34.206335
33	雅安暴雨致6人失联2人被埋	247154	新	2020-08-11T05:58:34.206489
34	座头鲸用气泡织网捕鱼	238870		2020-08-11T05:58:34.206643
35	糖豆人	227231		2020-08-11T05:58:34.206765
36	台风	210390		2020-08-11T05:58:34.206887
37	杭州清晨漫天红霞	210319		2020-08-11T05:58:34.207009
38	雾山五行	203301	新	2020-08-11T05:58:34.207130
39	新冠动物溯源可能会耗费多年	200294		2020-08-11T05:58:34.207282
40	白宫附近发生枪击	192601		2020-08-11T05:58:34.207405
41	东台市委就10吨猪肉遭哄抢致歉	182002		2020-08-11T05:58:34.207527
42	厦门台风	178429		2020-08-11T05:58:34.207649
43	李尖尖可爱	168307		2020-08-11T05:58:34.207771
44	掘金vs湖人	167114	新	2020-08-11T05:58:34.207892
45	防弹少年团Teaser Photo	166651		2020-08-11T05:58:34.208074
46	陕西新增9例境外输入病例	166081		2020-08-11T05:58:34.208205
47	综艺里笑点十足的翻车现场	163390		2020-08-11T05:58:34.208339
48	王源MV创意	160057	新	2020-08-11T05:58:34.208456
49	成都暴雨	158916		2020-08-11T05:58:34.208570
50	德国大叔的无声面包店	157947		2020-08-11T05:58:34.208656
