排名	关键词	热度	特征	时间
1	何炅称李尖尖画的贺子秋像他	3911279	新	2020-08-20T11:44:47.606128
2	中方暂停履行港美刑事司法互助协定	2926287	新	2020-08-20T11:44:47.606274
3	吴亦凡 七夕礼物	2746559	荐	2020-08-20T11:44:47.606397
4	淘宝多名卖家制售假录取通知书	1980346	热	2020-08-20T11:44:47.606518
5	金元海确诊新冠	1888305	热	2020-08-20T11:44:47.606637
6	郑爽说太早懂事不是幸福	1138599	热	2020-08-20T11:44:47.606755
7	高二备战一个月考上中科大少年班	1052341	新	2020-08-20T11:44:47.606873
8	我对象说七夕陪我一天	826571	沸	2020-08-20T11:44:47.606994
9	教育部公布面向中小学生全国性竞赛名单	744304	新	2020-08-20T11:44:47.607109
10	家属不追责老人被狗绳绊倒身亡	736544	热	2020-08-20T11:44:47.607224
11	牛奶咖啡微博评论	735170		2020-08-20T11:44:47.607338
12	外交部再回应孟晚舟事件	735101	新	2020-08-20T11:44:47.607429
13	商务部回应美封杀TikTok	732552	新	2020-08-20T11:44:47.607545
14	见过最反人类的设计	731693		2020-08-20T11:44:47.607659
15	小i机器人称向苹果索赔百亿偏低	730669		2020-08-20T11:44:47.607752
16	美媒称美中会谈将于未来几天举行	728614		2020-08-20T11:44:47.607852
17	重庆	727587	新	2020-08-20T11:44:47.607958
18	机场用人民币砸保安男子被行拘	727124	新	2020-08-20T11:44:47.608103
19	唯品会大跌	707594	新	2020-08-20T11:44:47.608232
20	毒纪 寒夜	705121	新	2020-08-20T11:44:47.608360
21	陈学冬海下跑酷	610855		2020-08-20T11:44:47.608485
22	粉丝的评论能有多好笑	507880	新	2020-08-20T11:44:47.608585
23	驾校教练说话能有多损	473201	新	2020-08-20T11:44:47.608711
24	乐山五通桥市民因异味自发撤离	395481	新	2020-08-20T11:44:47.608836
25	分享欲有多重要	382486		2020-08-20T11:44:47.608960
26	葛优再演张北京	357278		2020-08-20T11:44:47.609061
27	像极了你八卦时的样子	307959	新	2020-08-20T11:44:47.609162
28	瑞幸咖啡单店现金流已转正	285409		2020-08-20T11:44:47.609289
29	男子酒后打赌跳江后无力回游	284907		2020-08-20T11:44:47.609391
30	涂松岩回应以家人之名争议	284861		2020-08-20T11:44:47.609492
31	采访翻车现场有多搞笑	272894	新	2020-08-20T11:44:47.609593
32	刘雨昕时装封面预告	272075	新	2020-08-20T11:44:47.609719
33	四川乐山通报疑似化工厂泄漏	245535		2020-08-20T11:44:47.609844
34	舒克贝塔	244601		2020-08-20T11:44:47.609943
35	牛奶咖啡晒音轨对比	243962		2020-08-20T11:44:47.610044
36	四川观察	219092		2020-08-20T11:44:47.610146
37	看黄明昊郭麒麟喝交杯酒的杨幂	197072		2020-08-20T11:44:47.610246
38	用7万颗钉子画大象	188568	新	2020-08-20T11:44:47.610349
39	罗霈颖遗产由母亲继承	174458		2020-08-20T11:44:47.610475
40	菠萝芥末油条虾	170133		2020-08-20T11:44:47.610575
41	Angelababy哭戏	158702		2020-08-20T11:44:47.610675
42	椰树要求应聘者抵押房产终身服务	150022		2020-08-20T11:44:47.610776
43	五通桥	146791		2020-08-20T11:44:47.610877
44	跟老天爷叫板	146454	新	2020-08-20T11:44:47.610975
45	教育部要求确保学生返校全程可追溯	145909	新	2020-08-20T11:44:47.611101
46	老人离世饭盒发现近18万现金	144905	新	2020-08-20T11:44:47.611227
47	江水已从乐山大佛脚趾退去	143844	新	2020-08-20T11:44:47.611355
48	李尖尖给树洞投稿	143679		2020-08-20T11:44:47.611482
49	许佳琪喻言再跳lion	139506		2020-08-20T11:44:47.611582
50	黑神话	139154		2020-08-20T11:44:47.611683
