排名	关键词	热度	特征	时间
1	黄轩承认恋情	3308563	热	2020-06-30T17:59:35.621423
2	香港	2464293	新	2020-06-30T17:59:35.621599
3	肖战工作室帮被网暴博主维权	2326574	新	2020-06-30T17:59:35.621754
4	张雨绮有一对双胞胎孩子	2250974	热	2020-06-30T17:59:35.621903
5	林湘抑郁	1223035		2020-06-30T17:59:35.622050
6	朱广权上半年最后一条段子	971207	沸	2020-06-30T17:59:35.622164
7	老干妈回应被腾讯起诉	959860	沸	2020-06-30T17:59:35.622308
8	菊香洋介结婚	702879	新	2020-06-30T17:59:35.622450
9	韩国大型连锁超市实施无薪休假	511255	新	2020-06-30T17:59:35.622601
10	莫向晚裸辞	508389		2020-06-30T17:59:35.622762
11	张雨剑淡定捡眼镜	504324		2020-06-30T17:59:35.622889
12	密室大逃脱	490991		2020-06-30T17:59:35.623016
13	中央民族大学	418733		2020-06-30T17:59:35.623142
14	全球经济将因新冠疫情损失12万亿美元	394219		2020-06-30T17:59:35.623267
15	北京公积金账户余额可直接还贷款	374740		2020-06-30T17:59:35.623393
16	黄轩女朋友	373787		2020-06-30T17:59:35.623518
17	超话	372089	新	2020-06-30T17:59:35.623642
18	情绪的生理表现	371158	新	2020-06-30T17:59:35.623799
19	爷爷为孙女第一次尝试绑头发	369147		2020-06-30T17:59:35.623955
20	坐火车一只皮鞋被上铺穿走	366371		2020-06-30T17:59:35.624100
21	郭晓婷演技	366083	新	2020-06-30T17:59:35.624225
22	西班牙教授回应去年3月废水中检出新冠	362837	新	2020-06-30T17:59:35.624379
23	因太困高速应急港湾做俯卧撑	362646	新	2020-06-30T17:59:35.624535
24	医学生怎么做作业	360928	新	2020-06-30T17:59:35.624690
25	香港维护国家安全法全文	325472	新	2020-06-30T17:59:35.624846
26	赵丽颖生图	321366		2020-06-30T17:59:35.625001
27	邓伦胆小	320256		2020-06-30T17:59:35.625124
28	全球百大最具价值品牌榜	313849	新	2020-06-30T17:59:35.625247
29	小娘惹	301130		2020-06-30T17:59:35.625402
30	假如乘风破浪的姐姐吃重庆小面	287379		2020-06-30T17:59:35.625526
31	外交部回应印度封杀中国APP	284996		2020-06-30T17:59:35.625648
32	乘风破浪的高考生	268094	新	2020-06-30T17:59:35.625771
33	张文宏表示北京的疫情只是小范围反弹	266106		2020-06-30T17:59:35.625926
34	香港维护国家安全法表决通过	264885		2020-06-30T17:59:35.626050
35	广州11家凉茶店铺被查封	263406		2020-06-30T17:59:35.626173
36	猪流感	252780		2020-06-30T17:59:35.626296
37	新闻联播	222601		2020-06-30T17:59:35.626418
38	法国一教堂裂缝藏500具遗骸	211685		2020-06-30T17:59:35.626542
39	极限挑战 THE9	206805		2020-06-30T17:59:35.626665
40	腾讯回应起诉老干妈	196934		2020-06-30T17:59:35.626788
41	上海下调新冠病毒核酸检测项目价格	196047		2020-06-30T17:59:35.626912
42	清华大学等风来	188396	新	2020-06-30T17:59:35.627036
43	郭京飞喻言沙雕拉票	187594		2020-06-30T17:59:35.627191
44	用长辈的聊天方式聊天	181924		2020-06-30T17:59:35.627314
45	颜值对衣服的影响有多大	177318		2020-06-30T17:59:35.627438
46	重庆踹4脚救3人男子后怕但不后悔	176669		2020-06-30T17:59:35.627563
47	老干妈	173627		2020-06-30T17:59:35.627687
48	上海2019年平均工资为9580元	154540		2020-06-30T17:59:35.627809
49	中国共产党党员总数9191.4万	143579		2020-06-30T17:59:35.627933
50	香港国安法明确四类罪行和处罚	109793		2020-06-30T17:59:35.628075
