排名	关键词	热度	特征	时间
1	虞书欣安崎向岳云鹏认错	793932	热	2020-07-26T19:55:37.627565
2	央视曝光新闻App登假货广告	703390	热	2020-07-26T19:55:37.627744
3	三十而已	664592	热	2020-07-26T19:55:37.627898
4	王祖蓝给周杰伦刷了700个穿云箭	518960	热	2020-07-26T19:55:37.628065
5	邓伦 我会做他们一辈子的好弟弟	466726	新	2020-07-26T19:55:37.628228
6	穿出姐系范儿	450666	荐	2020-07-26T19:55:37.628391
7	Rookie 小钰	306126		2020-07-26T19:55:37.628550
8	山东分数线	221462	沸	2020-07-26T19:55:37.628677
9	俄罗斯海军节水上阅兵	201993		2020-07-26T19:55:37.628834
10	教练你还是骂我吧	197830	沸	2020-07-26T19:55:37.628958
11	安全裤	196986	沸	2020-07-26T19:55:37.629116
12	何猷启已离婚	191969	热	2020-07-26T19:55:37.629271
13	微信停止服务印度用户	185971	热	2020-07-26T19:55:37.629429
14	女明星毫无偶像包袱的瞬间	143736		2020-07-26T19:55:37.629589
15	极限挑战收官	140710		2020-07-26T19:55:37.629714
16	李佳琦直播	134397		2020-07-26T19:55:37.629838
17	喻言是来参加跑步比赛的	133800		2020-07-26T19:55:37.629962
18	369	128723		2020-07-26T19:55:37.630086
19	安徽一消防指挥员在抗洪中牺牲	127157		2020-07-26T19:55:37.630208
20	段振宇告白姜小果	122643		2020-07-26T19:55:37.630332
21	周杰伦疯狂翻牌	120779		2020-07-26T19:55:37.630456
22	指挥家杨鸿年去世	119437	新	2020-07-26T19:55:37.630578
23	外卖小哥皮肤大战	106523		2020-07-26T19:55:37.630733
24	招生办通报专升本考试疑似泄题事件	100662		2020-07-26T19:55:37.630857
25	忍界大战	95350		2020-07-26T19:55:37.630978
26	郑希怡刘雨昕终于见面了	93171	热	2020-07-26T19:55:37.631102
27	周杰伦直播	92541		2020-07-26T19:55:37.631257
28	比特币价格突破10000美元	86971		2020-07-26T19:55:37.631379
29	鲲龙AG600海上首飞成功	81877		2020-07-26T19:55:37.631504
30	假如用绿茶方式说话	80135		2020-07-26T19:55:37.631627
31	乃万线上演唱会	79177		2020-07-26T19:55:37.631750
32	赵丽颖泡泡袖白纱裙	77864		2020-07-26T19:55:37.631872
33	你可以找到更好的工作	76428		2020-07-26T19:55:37.631994
34	杭州女子失踪案是有预谋的故意杀人案	69637		2020-07-26T19:55:37.632133
35	河南专升本泄题嫌犯被控制	66835		2020-07-26T19:55:37.632257
36	戳爷 布布	66754		2020-07-26T19:55:37.632379
37	iG战胜TES	66320		2020-07-26T19:55:37.632502
38	阿里回应印度前雇员起诉	66314		2020-07-26T19:55:37.632625
39	国安	63864		2020-07-26T19:55:37.632747
40	南开录取通知书送两粒莲花种子	63552		2020-07-26T19:55:37.632870
41	秦淮河大堤内部被指挖空建高档餐厅	61673		2020-07-26T19:55:37.632993
42	录3年求婚视频男主回应	60409		2020-07-26T19:55:37.633117
43	解放军南海实弹射击训练	56091		2020-07-26T19:55:37.633238
44	iG TES	51794		2020-07-26T19:55:37.633357
45	马云	51544		2020-07-26T19:55:37.633478
46	三十而已的男性角色	50303		2020-07-26T19:55:37.633600
47	受灾小猫变成军喵	46554		2020-07-26T19:55:37.633723
48	台湾花莲海域5.5级地震	46199		2020-07-26T19:55:37.633846
49	五条人回应被淘汰	44902		2020-07-26T19:55:37.633969
50	王嘉尔720度旋转	44440		2020-07-26T19:55:37.634090
