排名	关键词	热度	特征	时间
1	上官喜爱真名	2121191	热	2020-05-17T07:42:53.458801
2	美国洛杉矶市中心突发爆炸	1704562	新	2020-05-17T07:42:53.458983
3	任嘉伦舞出潮流棒签	1645423	荐	2020-05-17T07:42:53.459138
4	婧的群像	1620077	沸	2020-05-17T07:42:53.459306
5	赵粤长发造型	1414589	新	2020-05-17T07:42:53.459468
6	李现 520	1368451	荐	2020-05-17T07:42:53.459626
7	深圳离婚排号	1296285	沸	2020-05-17T07:42:53.459783
8	给黄瓜挤奶	1202377	新	2020-05-17T07:42:53.459938
9	听过三观极正的一句话	1125163	沸	2020-05-17T07:42:53.460093
10	安徽亳州东风本田	731948	沸	2020-05-17T07:42:53.460262
11	王艺瑾神奇直拍	681966		2020-05-17T07:42:53.460420
12	鲁冰花作者钟肇政去世	677117		2020-05-17T07:42:53.460542
13	珠穆朗玛的夜空	668587		2020-05-17T07:42:53.460668
14	夫妻的世界大结局	664628		2020-05-17T07:42:53.460792
15	吉林市丰满区风险等级调整为高风险	654634		2020-05-17T07:42:53.460914
16	特朗普这回说漏嘴了	651330	热	2020-05-17T07:42:53.461036
17	517	644195	热	2020-05-17T07:42:53.461189
18	游戏账号能否继承	638432		2020-05-17T07:42:53.461343
19	日本模拟新冠病毒在餐厅传播	509341	新	2020-05-17T07:42:53.461465
20	下周青你周六日播出	425680		2020-05-17T07:42:53.461618
21	歼10空中停车迫降成功第一人	361069	新	2020-05-17T07:42:53.461740
22	可可西里藏羚羊迁徙	347177	新	2020-05-17T07:42:53.461895
23	德国一科研核反应堆发生轻微核泄漏	330166	新	2020-05-17T07:42:53.462049
24	00后和05后最大的代沟	325565		2020-05-17T07:42:53.462204
25	低脂无面包三明治	313019		2020-05-17T07:42:53.462320
26	东风本田4S店回应收取续保押金	304545	新	2020-05-17T07:42:53.462438
27	你拍的最具夏天感的照片	270940		2020-05-17T07:42:53.462586
28	美国1月11日前研发新冠疫苗毒株哪来的	268185		2020-05-17T07:42:53.462700
29	养猫以后你有什么改变	247700		2020-05-17T07:42:53.462813
30	吕征退役	222103	新	2020-05-17T07:42:53.462924
31	身高160女生颜值大赛	221573		2020-05-17T07:42:53.463064
32	宿舍里发生的怪异事件	213515		2020-05-17T07:42:53.463177
33	借用民政局厕所被工作人员拒绝	202738		2020-05-17T07:42:53.463293
34	确诊癌症的援鄂护士出院	202113		2020-05-17T07:42:53.463418
35	留意举手过马路的人	183982		2020-05-17T07:42:53.463540
36	尚在医学观察无症状感染者515例	178992	新	2020-05-17T07:42:53.463666
37	钟南山否认商业代言传闻	176520		2020-05-17T07:42:53.463824
38	电台主持怒怼东风本田4S店经理	174801		2020-05-17T07:42:53.463946
39	粉笔模考	160820		2020-05-17T07:42:53.464066
40	周扬青雪梨直播	155142		2020-05-17T07:42:53.464207
41	智能穿戴的纹身	152783		2020-05-17T07:42:53.464335
42	长春无症状感染者行程轨迹	151804		2020-05-17T07:42:53.464458
43	美生物基地曾泄漏致命病毒	151711		2020-05-17T07:42:53.464578
44	儿子失踪8年父亲写78封寻子信	145253	新	2020-05-17T07:42:53.464665
45	律师解读忘记28年房子被占	144754		2020-05-17T07:42:53.464776
46	郑乃馨 李光洙泰国分洙	143470		2020-05-17T07:42:53.464862
47	夏天喝到冰可乐的我	140633		2020-05-17T07:42:53.464946
48	爱豆直拍 人脸自动识别	129809		2020-05-17T07:42:53.465030
49	起底美国去年被关生物研究基地	126651		2020-05-17T07:42:53.465113
50	希林娜依高实力好强	125785		2020-05-17T07:42:53.465197
