排名	关键词	热度	特征	时间
1	罗晋否认出轨	263770	沸	2020-07-22T22:51:41.758166
2	辽宁大连新增1例本土确诊病例详情	153680	沸	2020-07-22T22:51:41.758258
3	秦昊喊你上车	148424	荐	2020-07-22T22:51:41.758341
4	火箭少女护送Yamy	120827	沸	2020-07-22T22:51:41.758420
5	钟晓芹陈屿离婚	104183	沸	2020-07-22T22:51:41.758498
6	谢娜微信登不上去	91943	热	2020-07-22T22:51:41.758573
7	万达女子311名密接无一感染	83041		2020-07-22T22:51:41.758644
8	河北高考分数线	74834	沸	2020-07-22T22:51:41.758700
9	巴西总统第3次新冠检测仍呈阳性	72586		2020-07-22T22:51:41.758770
10	王漫妮拒绝梁正贤付房租	71287		2020-07-22T22:51:41.758826
11	张起灵救吴邪	67719	沸	2020-07-22T22:51:41.758881
12	王思聪点赞徐明朝	56753	热	2020-07-22T22:51:41.758951
13	官方通报奔驰婚车失控姐弟俩被撞身亡	56173		2020-07-22T22:51:41.759020
14	图书馆闭馆日为84岁老农一人开放	49779		2020-07-22T22:51:41.759076
15	脱口秀大会	48809		2020-07-22T22:51:41.759131
16	锦绣南歌	37096		2020-07-22T22:51:41.759186
17	三十而已	36783		2020-07-22T22:51:41.759241
18	李健工作室辟谣	36688		2020-07-22T22:51:41.759296
19	浙江丽水首次拍到四不像	36263		2020-07-22T22:51:41.759350
20	梁爽不原谅大宝	35979		2020-07-22T22:51:41.759409
21	安徽巢湖中庙寺被淹	35742		2020-07-22T22:51:41.759470
22	张雨绮遇泥石流	35538		2020-07-22T22:51:41.759531
23	婚姻是不是避风港	33654		2020-07-22T22:51:41.759590
24	TS晋级世冠八强	33508		2020-07-22T22:51:41.759650
25	大连地铁3号线大连湾站封站	33437		2020-07-22T22:51:41.759710
26	白宫发言人称总统每天接受多次检测	33196		2020-07-22T22:51:41.759772
27	美方要求中方关闭驻休斯敦总领馆	32681		2020-07-22T22:51:41.759833
28	5个网红地标入选全国示范步行街	32526		2020-07-22T22:51:41.759894
29	80岁老人顶高温上堤给消防员送包子	31590		2020-07-22T22:51:41.759954
30	外交部提醒在美留学人员加强安全防范	31031		2020-07-22T22:51:41.760022
31	当近视眼认错人时	30525		2020-07-22T22:51:41.760091
32	穿越火线代入感	30408		2020-07-22T22:51:41.760153
33	休斯敦领事馆	27416		2020-07-22T22:51:41.760214
34	山东新省长回应负面舆情	27091		2020-07-22T22:51:41.760274
35	中国式家长下架	25680		2020-07-22T22:51:41.760334
36	公司修改Yamy后援会账号密码	25331		2020-07-22T22:51:41.760395
37	苹果申请静脉识别专利能分清双胞胎	25147		2020-07-22T22:51:41.760456
38	香港金店再发劫案	24344		2020-07-22T22:51:41.760516
39	玫瑰荔枝汽水慕斯	23743		2020-07-22T22:51:41.760575
40	恋爱前要不要做背景调查	23551		2020-07-22T22:51:41.760636
41	被铁锨打伤女童仍昏迷	23479		2020-07-22T22:51:41.760696
42	大连湾	23205		2020-07-22T22:51:41.760756
43	外卖小哥头上全是耳朵	23015		2020-07-22T22:51:41.760816
44	中国近十年森林面积年均净增加最多	21424		2020-07-22T22:51:41.760876
45	浙大犯强奸罪学生	19952		2020-07-22T22:51:41.760936
46	当无价之姐打开隐秘的角落	19578		2020-07-22T22:51:41.760996
47	西安秦岭野生动物园回应虐熊	19200		2020-07-22T22:51:41.761056
48	微信取消两分钟内删除功能	19101		2020-07-22T22:51:41.761116
49	西安大雁塔全面恢复开放	17866		2020-07-22T22:51:41.761175
50	浦东机场	17577		2020-07-22T22:51:41.761234
