排名	关键词	热度	特征	时间
1	乔欣发长文告别孙晓萌	173439	热	2020-09-10T21:47:44.873817
2	印度对中国公民实施更严格签证规定	89172		2020-09-10T21:47:44.873897
3	亚洲肌抗老新突破	87788	荐	2020-09-10T21:47:44.873950
4	陈一鸣 我要养你啊	86559	沸	2020-09-10T21:47:44.874013
5	金韩彬	74938	沸	2020-09-10T21:47:44.874075
6	第七代小棕瓶	73941	荐	2020-09-10T21:47:44.874136
7	在劫难逃大结局	65873	沸	2020-09-10T21:47:44.874197
8	李思雨好刚	56504		2020-09-10T21:47:44.874257
9	日本将于16日确定新首相人选	52939		2020-09-10T21:47:44.874305
10	鸿蒙2.0	51042		2020-09-10T21:47:44.874354
11	孙九香	50898	沸	2020-09-10T21:47:44.874402
12	赵彬彬跳海	50006		2020-09-10T21:47:44.874461
13	新闻联播新主播潘涛	46042		2020-09-10T21:47:44.874509
14	易烊千玺致敬最美教师王易	44466		2020-09-10T21:47:44.874557
15	美国旧金山天空变成橙色	44236		2020-09-10T21:47:44.874604
16	深圳将建立婚姻信息查询机制	43798		2020-09-10T21:47:44.874652
17	萧承煦好可爱	42663		2020-09-10T21:47:44.874698
18	上海每2.5天就有1名外卖员伤亡	42630		2020-09-10T21:47:44.874745
19	华为高管回应芯片遭打压	42043		2020-09-10T21:47:44.874793
20	教师节	41958		2020-09-10T21:47:44.874840
21	沈腾回应公司名称	41552		2020-09-10T21:47:44.874887
22	爸爸把车库改成女儿的教室	41385		2020-09-10T21:47:44.874934
23	亲爱的自己	41297		2020-09-10T21:47:44.874981
24	张芝芝被婆婆逼喝药	40924		2020-09-10T21:47:44.875028
25	大连有奖举报48种禁养犬	40805		2020-09-10T21:47:44.875074
26	谢娜模仿李尖尖不好惹	40529		2020-09-10T21:47:44.875121
27	荆棘女王扮演者去世	40201		2020-09-10T21:47:44.875168
28	平凡的荣耀道歉信模版	40073		2020-09-10T21:47:44.875215
29	学生教师节送花老师反手回礼练习册	39753		2020-09-10T21:47:44.875262
30	丁彦雨航与山东男篮合同到期	39738		2020-09-10T21:47:44.875309
31	长安诺	39737		2020-09-10T21:47:44.875355
32	鹿晗告别赵彬彬	39550		2020-09-10T21:47:44.875402
33	猪兼强驾校待退学费约2亿元	35554		2020-09-10T21:47:44.875448
34	像Windows桌面的草原	32728		2020-09-10T21:47:44.875495
35	外交部回应美驻华大使投稿事件	31482		2020-09-10T21:47:44.875541
36	4小孩淡定驻足看山洪倾泻	31424		2020-09-10T21:47:44.875589
37	邓超 这是个什么综艺	28306		2020-09-10T21:47:44.875636
38	秋季穿搭look	27234		2020-09-10T21:47:44.875683
39	张伯礼获奖后第一天	25631		2020-09-10T21:47:44.875729
40	吴恪之好惨	25495		2020-09-10T21:47:44.875776
41	原来小碗菜还有这样的	24389		2020-09-10T21:47:44.875822
42	孟鹤堂秦霄贤扮不倒翁	24279		2020-09-10T21:47:44.875870
43	迪丽热巴身材	23837		2020-09-10T21:47:44.875917
44	少女大人	20879		2020-09-10T21:47:44.875965
45	河南安阳通报村庄多人中毒	20873		2020-09-10T21:47:44.876019
46	栾云平	20218		2020-09-10T21:47:44.876068
47	马思纯瘦了十斤	19999		2020-09-10T21:47:44.876115
48	最美教师发布仪式	19913		2020-09-10T21:47:44.876161
49	西藏军区演练无人机为前线送餐	17238		2020-09-10T21:47:44.876208
50	蒙古向中国捐赠3万只羊由湖北安排	16156		2020-09-10T21:47:44.876254
