排名	关键词	热度	特征	时间
1	倪大红怎么了	1973973	热	2020-09-29T01:35:55.117571
2	外交部正告美方不要轻举妄动	1202488		2020-09-29T01:35:55.117688
3	赵小棠变身制作人	1195055	荐	2020-09-29T01:35:55.117768
4	易烊千玺领唱我的祖国	1178510	沸	2020-09-29T01:35:55.117866
5	吴磊看到Never拜拜的时候	713190		2020-09-29T01:35:55.117967
6	店二代版爱情买卖	668137	荐	2020-09-29T01:35:55.118048
7	免费整形当模特后身负巨债	617332		2020-09-29T01:35:55.118146
8	北京发布十大最美赏月胜地	550271	新	2020-09-29T01:35:55.118229
9	王简嘉禾再次预赛第一无缘决赛	536627		2020-09-29T01:35:55.118325
10	中国驻阿塞拜疆大使馆发布安全提醒	535142		2020-09-29T01:35:55.118401
11	铁岭破获特大侵犯公民个人信息案	534175	新	2020-09-29T01:35:55.118479
12	雪梨给李雪琴介绍对象	504046	热	2020-09-29T01:35:55.118575
13	飞天奖	361913		2020-09-29T01:35:55.118671
14	亲爱的自己	301403		2020-09-29T01:35:55.118748
15	焦作幼儿园投毒案被告人被判死刑	289298		2020-09-29T01:35:55.118824
16	河南50艘船出港摆丰字迎国庆	280001	新	2020-09-29T01:35:55.118900
17	刘丧不敢抱张起灵	272651		2020-09-29T01:35:55.118995
18	女子健身后吃小龙虾横纹肌溶解	269775		2020-09-29T01:35:55.119070
19	2023年亚洲杯中国组委会成立	267176	新	2020-09-29T01:35:55.119146
20	2020秋招平均月薪8688元	262648		2020-09-29T01:35:55.119240
21	孙俪复古黑丝绒长裙	256058		2020-09-29T01:35:55.119314
22	邓伦致敬误闯武汉的大连小伙	249478		2020-09-29T01:35:55.119390
23	我晚上睡觉前的真实状态	248949	新	2020-09-29T01:35:55.119466
24	我喜欢你	215791		2020-09-29T01:35:55.119561
25	成都一公司中秋节发五花肉给员工	200395		2020-09-29T01:35:55.119636
26	心动的信号男四	196026		2020-09-29T01:35:55.119712
27	倪妮落泪	195022	新	2020-09-29T01:35:55.119788
28	杨洋和乐彬原型同框	188911		2020-09-29T01:35:55.119884
29	里弗斯不再担任快船队主帅	183329	新	2020-09-29T01:35:55.119960
30	港澳居民来往内地通行证可在内地换补发	180415		2020-09-29T01:35:55.120068
31	白鹿撒娇	178574		2020-09-29T01:35:55.120147
32	华少嗓子	176194		2020-09-29T01:35:55.120222
33	刘德华状态	174887		2020-09-29T01:35:55.120295
34	绿灯为过马路老人多亮了97秒	151853	新	2020-09-29T01:35:55.120367
35	第十四个五年规划	148850		2020-09-29T01:35:55.120458
36	264家5A级景区实施分时预约	148590	新	2020-09-29T01:35:55.120532
37	薇娅刘雯直播	141664		2020-09-29T01:35:55.120622
38	千万别去翻以前发过的说说	129283		2020-09-29T01:35:55.120693
39	叶璇	126397		2020-09-29T01:35:55.120765
40	强迫症姜子牙遇上叛逆哪吒	119078		2020-09-29T01:35:55.120836
41	11年前信用卡透支200如今要还3万多	117602		2020-09-29T01:35:55.120909
42	上海市出租车统一平台上线试运行	113896		2020-09-29T01:35:55.120981
43	肖战手臂线条	99291		2020-09-29T01:35:55.121055
44	中医药大学送学生药膳月饼	95490		2020-09-29T01:35:55.121127
45	小伙回应网贷去可可西里捡垃圾	92636	新	2020-09-29T01:35:55.121197
46	未成年爱豆的自觉	92628		2020-09-29T01:35:55.121286
47	重启	85415		2020-09-29T01:35:55.121359
48	江君借袁帅家洗头	77502		2020-09-29T01:35:55.121430
49	中科院博士后当辅警	77494		2020-09-29T01:35:55.121503
50	在家呆着可太有意思了	77488		2020-09-29T01:35:55.121574
