排名	关键词	热度	特征	时间
1	赵露思18岁试镜视频	2966425	热	2020-05-27T12:46:49.528516
2	武汉牌照车在豫停4个月被写满祝福	1506352	新	2020-05-27T12:46:49.528619
3	外交部要求赞比亚切实保护中国公民	1317484	新	2020-05-27T12:46:49.528695
4	青你2芭莎毕业旅行大片	1286355	新	2020-05-27T12:46:49.528766
5	幼儿园采血现场萌娃哭成一片	1246378		2020-05-27T12:46:49.528844
6	做兄妹的上辈子都是冤家	1019072	新	2020-05-27T12:46:49.528897
7	伊能静儿子女装	844205	沸	2020-05-27T12:46:49.528962
8	西安火车站	768161		2020-05-27T12:46:49.529022
9	香港逾240人涉嫌参与非法集结被捕	737950	新	2020-05-27T12:46:49.529083
10	青春环游记2首发阵容	707479	沸	2020-05-27T12:46:49.529174
11	黄仁俊钟辰乐开微博	586098	新	2020-05-27T12:46:49.529236
12	希望聊天软件增加的功能	536658		2020-05-27T12:46:49.529331
13	iPhone11成一季度最受欢迎机型	469622		2020-05-27T12:46:49.529384
14	喜欢你我也是	435523		2020-05-27T12:46:49.529433
15	韩国现不知名儿童综合征疑似病例	435287		2020-05-27T12:46:49.529482
16	李嘉诚	432539	热	2020-05-27T12:46:49.529535
17	杨幂海洋之心项链	430248	热	2020-05-27T12:46:49.529597
18	JK罗琳将出新书	427740	新	2020-05-27T12:46:49.529669
19	易烊千玺送谢娜土味情诗	424155	热	2020-05-27T12:46:49.529732
20	把是校草写进简历	423737		2020-05-27T12:46:49.529796
21	当你在孩子面前吃螺蛳粉	381166		2020-05-27T12:46:49.529850
22	学生开学收2吨黄冈密卷	347733		2020-05-27T12:46:49.529905
23	京阿尼发声	327942	新	2020-05-27T12:46:49.529958
24	热巴手稿填色大赛	326908		2020-05-27T12:46:49.530024
25	微胖的女孩子可以有多好看	322363		2020-05-27T12:46:49.530077
26	公司越野赛只发一张地图致6人失联	314036		2020-05-27T12:46:49.530135
27	董浩然	286708		2020-05-27T12:46:49.530221
28	赵立坚 中印边境局势总体稳定可控	272500		2020-05-27T12:46:49.530302
29	因太懂事受过哪些委屈	264405	新	2020-05-27T12:46:49.530355
30	修身款和休闲款的区别	250632		2020-05-27T12:46:49.530417
31	山东小学生复课带大葱	229449		2020-05-27T12:46:49.530465
32	鹿晗新歌	228662		2020-05-27T12:46:49.530513
33	2009年澳门就完成维护国家安全立法	214712		2020-05-27T12:46:49.530578
34	学渣说过最多的话	210693		2020-05-27T12:46:49.530628
35	珠峰高程测量登山队成功登顶	210640		2020-05-27T12:46:49.530691
36	加州一餐厅近半员工不愿复工	205257	新	2020-05-27T12:46:49.530762
37	谷歌补贴员工1000美元购买办公设备	191409		2020-05-27T12:46:49.530831
38	小学生身挂呼啦圈上学	189772	新	2020-05-27T12:46:49.530886
39	湖南卫视六一晚会阵容	177178		2020-05-27T12:46:49.530982
40	Langx加入LGD	161156		2020-05-27T12:46:49.531033
41	神农架拍到野生梅花鹿	160564		2020-05-27T12:46:49.531081
42	詹姆斯为被暴力执法致死黑人发声	158594	新	2020-05-27T12:46:49.531129
43	建议剧场直播收取一定门票	158062	新	2020-05-27T12:46:49.531191
44	吸油纸高光	158035		2020-05-27T12:46:49.531250
45	中国人跨越60年的三次珠峰登顶画面	157984	新	2020-05-27T12:46:49.531298
46	何猷君悼念何鸿燊	157401		2020-05-27T12:46:49.531358
47	端午假期火车票开售	155029	新	2020-05-27T12:46:49.531407
48	北京市交委立案调查ofo小黄车	144601		2020-05-27T12:46:49.531467
49	何炅 我没有资格点评表演	143789		2020-05-27T12:46:49.531517
50	美国警方用爆震弹驱散抗议者	125482		2020-05-27T12:46:49.531564
