排名	关键词	热度	特征	时间
1	张子枫我的姐姐开机	4373820	热	2020-07-28T06:54:39.169424
2	我国现有乙肝病毒携带者约7000万	3121501	新	2020-07-28T06:54:39.169606
3	信仰制造	2670799	荐	2020-07-28T06:54:39.169762
4	吴翊凤辟谣	1567355	新	2020-07-28T06:54:39.169911
5	新西兰宣布暂停与香港引渡条约	1565457	热	2020-07-28T06:54:39.170056
6	大连停止餐饮单位聚集性就餐	1512455	新	2020-07-28T06:54:39.170198
7	工地收到通知书的搬砖男孩毕业了	1498467		2020-07-28T06:54:39.170340
8	美国总统国家安全事务助理感染新冠	1441408	热	2020-07-28T06:54:39.170453
9	搜狗回应腾讯收购要约	1404438		2020-07-28T06:54:39.170593
10	日本一企业将退休年限放宽至80岁	1365455		2020-07-28T06:54:39.170707
11	王思聪朋友圈	1364504	沸	2020-07-28T06:54:39.170818
12	新疆新增57例确诊	1359403		2020-07-28T06:54:39.170958
13	北京新增1例大连关联病例	1350318		2020-07-28T06:54:39.171074
14	多地中考成绩陆续出炉	1343999		2020-07-28T06:54:39.171186
15	二十不惑	1328715		2020-07-28T06:54:39.171297
16	北京通报大连关联病例详情	1321050	新	2020-07-28T06:54:39.171407
17	蔡徐坤的站姐	1315228	新	2020-07-28T06:54:39.171548
18	Toru确诊新冠	1307095		2020-07-28T06:54:39.171688
19	误入武汉的大连小伙回家乡又遇疫情	1050226	热	2020-07-28T06:54:39.171799
20	草莓音乐节	1008727		2020-07-28T06:54:39.171941
21	黄景瑜检察风云开机	901256	新	2020-07-28T06:54:39.172066
22	邓伦雨中天台大片	751400	新	2020-07-28T06:54:39.172210
23	宝藏奶奶92岁时签捐赠遗体协议	716129	新	2020-07-28T06:54:39.172350
24	比特币牛市	629759		2020-07-28T06:54:39.172501
25	保定酒驾不测酒退休干部被开除党籍	602708	新	2020-07-28T06:54:39.172631
26	北京院前急救号码明年底统一为120	518812	新	2020-07-28T06:54:39.172790
27	铃木常吉	440361		2020-07-28T06:54:39.172948
28	师德表现将作为教师职称评审首要条件	437874		2020-07-28T06:54:39.173073
29	美国多地再次爆发大规模抗议活动	437392		2020-07-28T06:54:39.173198
30	99元买烧鸡送免费旅游被叫停	437006		2020-07-28T06:54:39.173321
31	哆啦艾米55	406691	新	2020-07-28T06:54:39.173445
32	金世佳演技	346058		2020-07-28T06:54:39.173600
33	美国疫情	331685		2020-07-28T06:54:39.173724
34	吴昕祝福潘玮柏	311296		2020-07-28T06:54:39.173847
35	重庆武隆人行道垮塌两人受伤	306777		2020-07-28T06:54:39.173968
36	印度迷惑行为大赏	259124		2020-07-28T06:54:39.174093
37	北京疫情防控情况发布会	222958	新	2020-07-28T06:54:39.174216
38	2020国考补录7011人	216870		2020-07-28T06:54:39.174370
39	北京国际电影节8月22日举办	199958		2020-07-28T06:54:39.174493
40	陕西征兵宣传片	189569	新	2020-07-28T06:54:39.174618
41	北京电影节海报	185879	新	2020-07-28T06:54:39.174772
42	在澳中国留学生虚拟绑架案激增	185720		2020-07-28T06:54:39.174925
43	四部门要求降低企业宽带和专线资费	185615	新	2020-07-28T06:54:39.175047
44	帕梅拉跳无价之姐	185610		2020-07-28T06:54:39.175205
45	失去11位亲属老兵守唐山抗震纪念馆	183996		2020-07-28T06:54:39.175330
46	警方成立南宁女子失踪专案组	159468		2020-07-28T06:54:39.175451
47	玩密室逃脱被吓到住院	153916		2020-07-28T06:54:39.175575
48	法考报名	151134		2020-07-28T06:54:39.175698
49	特朗普回应国安顾问确诊	149441		2020-07-28T06:54:39.175821
50	辽宁新增6例本土确诊	148482		2020-07-28T06:54:39.175943
