排名	关键词	热度	特征	时间
1	马丽当妈	4343816	新	2020-05-10T05:57:38.411351
2	奥巴马批评特朗普疫情应对	2191379	新	2020-05-10T05:57:38.411529
3	母亲节Ella邀你去她家	2182459	荐	2020-05-10T05:57:38.411696
4	孔雪儿 想做什么做什么	1968356	新	2020-05-10T05:57:38.411859
5	张艺兴 四胎来了	1946203	新	2020-05-10T05:57:38.412020
6	儿童教育公开课	1868940		2020-05-10T05:57:38.412188
7	陈学冬准备弃剧夫妻的世界	1679776	热	2020-05-10T05:57:38.412321
8	武汉新增1例重症病例	747247		2020-05-10T05:57:38.412477
9	母亲节快乐	692530	沸	2020-05-10T05:57:38.412605
10	武磊新冠复测呈阴性	662667		2020-05-10T05:57:38.412763
11	乃万JONYJ组队	635941		2020-05-10T05:57:38.412888
12	鹿晗温柔一刀	613762	沸	2020-05-10T05:57:38.413014
13	吉林新增11例本土病例	538001		2020-05-10T05:57:38.413169
14	一西班牙飞北京航班遭鸟击返航	516996		2020-05-10T05:57:38.413294
15	个人消费贷不得用于买房炒股	416794		2020-05-10T05:57:38.413417
16	张艺凡第一次当众唱歌	407293		2020-05-10T05:57:38.413540
17	创3首发成团位名单	346950		2020-05-10T05:57:38.413665
18	兴风作浪的姐姐们	342811	新	2020-05-10T05:57:38.413787
19	上海建桥学院	338888		2020-05-10T05:57:38.413941
20	刘亦菲运动装旧照	335127	新	2020-05-10T05:57:38.414066
21	官方回应湖南多名公职人员涉毒	331993	新	2020-05-10T05:57:38.414220
22	中国传媒大学	327889	热	2020-05-10T05:57:38.414373
23	吕一想参加乘风破浪的姐姐	319759		2020-05-10T05:57:38.414529
24	薛燕平	315881		2020-05-10T05:57:38.414652
25	丰巢公开致信用户	309706		2020-05-10T05:57:38.414775
26	如果蚊子吸脂肪该多可爱	309284	新	2020-05-10T05:57:38.414900
27	沈欣	307748		2020-05-10T05:57:38.415054
28	周冬雨跳广场舞	306466	新	2020-05-10T05:57:38.415176
29	北京人嘴能有多贫	299045		2020-05-10T05:57:38.415332
30	最高法对杨光毅强奸一案调卷审查	295888		2020-05-10T05:57:38.415453
31	PS4国行	294716	新	2020-05-10T05:57:38.415578
32	冷暴力的人是不是都这样	266641		2020-05-10T05:57:38.415734
33	吉林疫情	261364		2020-05-10T05:57:38.415856
34	那英买菜路上唱春暖花开	260748		2020-05-10T05:57:38.415979
35	妈妈不用是超人	237379	新	2020-05-10T05:57:38.416100
36	玲珑片花	229799	新	2020-05-10T05:57:38.416277
37	谐音梗永远好笑	203492		2020-05-10T05:57:38.416432
38	美国新冠肺炎确诊超130万	187926		2020-05-10T05:57:38.416553
39	王柯打鼓好帅	181835	新	2020-05-10T05:57:38.416674
40	蔡徐坤英伦格子西服	180749		2020-05-10T05:57:38.416801
41	部分进出舒兰市铁路列车即日起停运	173396	新	2020-05-10T05:57:38.416886
42	74岁阿婆和132位医护的樱花之约	169266	新	2020-05-10T05:57:38.416992
43	比特币	159971		2020-05-10T05:57:38.417099
44	芝士牛排炒饭	156528	新	2020-05-10T05:57:38.417183
45	神仙咖喱鸡排饭	155465	新	2020-05-10T05:57:38.417286
46	少年闰土里的猹首次被红外相机记录	155020		2020-05-10T05:57:38.417390
47	给妈妈的情书	151893	新	2020-05-10T05:57:38.417475
48	JENNIE受伤	149690		2020-05-10T05:57:38.417579
49	黑龙江新增病例曾7次核酸检测阴性	148773		2020-05-10T05:57:38.417668
50	跟妈妈拍过最好看的合照	138500		2020-05-10T05:57:38.417762
