排名	关键词	热度	特征	时间
1	陈卓璇好敢说	4074543	沸	2020-05-24T16:51:43.107881
2	山东一别墅10年无人认领	3275848		2020-05-24T16:51:43.108084
3	阿玛尼205青你色	3130256	荐	2020-05-24T16:51:43.108226
4	王思聪要告营销号	2582551	新	2020-05-24T16:51:43.108392
5	张艺凡 我赢来的荣誉谁都不要碰	2326778	新	2020-05-24T16:51:43.108553
6	刘雨昕哄虞书欣	1966105	新	2020-05-24T16:51:43.108714
7	孟晚舟	1109211	热	2020-05-24T16:51:43.108871
8	创造营排名	958193	沸	2020-05-24T16:51:43.109028
9	中日韩争取年内签订RCEP协定	721174	新	2020-05-24T16:51:43.109185
10	极限挑战	634630		2020-05-24T16:51:43.109343
11	Lisa组合作舞台	593728	新	2020-05-24T16:51:43.109468
12	吃汉堡最正确的姿势	529686		2020-05-24T16:51:43.109624
13	校长钓鱼执法没收学生手机	465693	新	2020-05-24T16:51:43.109749
14	冰爽汽水螺蛳粉	442299		2020-05-24T16:51:43.109906
15	青你最终舞台考核分组	441780	新	2020-05-24T16:51:43.110029
16	聊天终止方式的演变	436933		2020-05-24T16:51:43.110184
17	王思聪	431787	热	2020-05-24T16:51:43.110308
18	香港	427580	新	2020-05-24T16:51:43.110462
19	张雨绮用口红给粉丝签名	426378	新	2020-05-24T16:51:43.110617
20	捕虞达人	421217	新	2020-05-24T16:51:43.110772
21	希林娜依高第一	419269	新	2020-05-24T16:51:43.110925
22	青春有你	412503		2020-05-24T16:51:43.111080
23	镜头下的泸沽湖	410001		2020-05-24T16:51:43.111202
24	故宫角楼上空现云隙光	408603		2020-05-24T16:51:43.111326
25	衡水中学老师自学为学生理发	404323	新	2020-05-24T16:51:43.111450
26	张语格 除了合唱我不想要任何part	400158	新	2020-05-24T16:51:43.111607
27	蔡徐坤新单情人	394035		2020-05-24T16:51:43.111763
28	女子恋爱时获赠奔驰分手被判归还	393668	新	2020-05-24T16:51:43.111887
29	巩汉林回忆赵丽蓉	346643		2020-05-24T16:51:43.112057
30	天天向上	338804	新	2020-05-24T16:51:43.112184
31	建议全国推行电子身份证	285280		2020-05-24T16:51:43.112338
32	高校毕业生凌晨12点大合唱	284389		2020-05-24T16:51:43.112463
33	中国外交官说哪里有狼哪里就要主动应战	265385	新	2020-05-24T16:51:43.112585
34	江苏小学初中不得公布考试成绩	265359		2020-05-24T16:51:43.112744
35	鸟没吓到人吓晕了	265357		2020-05-24T16:51:43.112867
36	年龄算不算一个人的隐私	265353	新	2020-05-24T16:51:43.112989
37	王毅最平静的语气说最硬气的话	263043	新	2020-05-24T16:51:43.113146
38	王毅现场纠正CNN记者提问角度	217682		2020-05-24T16:51:43.113301
39	吴谦就美国售台武器发表谈话	197588	新	2020-05-24T16:51:43.113424
40	恋与制作人	184202		2020-05-24T16:51:43.113581
41	男生希望被理解的事	183410		2020-05-24T16:51:43.113705
42	为什么广东人普遍都很瘦	175454		2020-05-24T16:51:43.113830
43	大使用民间俗语回应美国诋毁中国	167761	新	2020-05-24T16:51:43.113952
44	吉尔吉斯斯坦前议长因新冠肺炎去世	165435	新	2020-05-24T16:51:43.114109
45	香港警方拘捕至少120名涉非法集结暴徒	163254	新	2020-05-24T16:51:43.114268
46	南京对不裁员企业发放稳岗补贴	162862		2020-05-24T16:51:43.114425
47	给男朋友发两张相似的图	159572		2020-05-24T16:51:43.114549
48	劲爽冰镇可乐小龙虾	157014	新	2020-05-24T16:51:43.114674
49	朱婷获评欧冠20年最佳非欧球员	138877	新	2020-05-24T16:51:43.114827
50	最高法副院长谈设立离婚冷静期出发点	124257	新	2020-05-24T16:51:43.114984
