排名	关键词	热度	特征	时间
1	三十而已	266992		2020-07-26T22:36:56.197885
2	山东分数线	190441	沸	2020-07-26T22:36:56.198040
3	少年之名选手直播抢C位	158691	荐	2020-07-26T22:36:56.198215
4	虞书欣安崎向岳云鹏认错	144426	热	2020-07-26T22:36:56.198379
5	王祖蓝给周杰伦刷了700个穿云箭	137674	热	2020-07-26T22:36:56.198539
6	邓伦 我会做他们一辈子的好弟弟	115322		2020-07-26T22:36:56.198695
7	Rookie 小钰	79980		2020-07-26T22:36:56.198821
8	极限挑战收官	76016	沸	2020-07-26T22:36:56.198946
9	央视曝光新闻App登假货广告	61477		2020-07-26T22:36:56.199102
10	俄罗斯海军节水上阅兵	56797		2020-07-26T22:36:56.199225
11	微信停止服务印度用户	55602	热	2020-07-26T22:36:56.199349
12	安全裤	55519	热	2020-07-26T22:36:56.199505
13	何猷启已离婚	53446	热	2020-07-26T22:36:56.199660
14	教练你还是骂我吧	48895		2020-07-26T22:36:56.199816
15	女明星毫无偶像包袱的瞬间	43301		2020-07-26T22:36:56.199944
16	指挥家杨鸿年去世	36020		2020-07-26T22:36:56.200088
17	周杰伦直播	35538		2020-07-26T22:36:56.200217
18	段振宇告白姜小果	35176		2020-07-26T22:36:56.200343
19	369	34419		2020-07-26T22:36:56.200463
20	录3年求婚视频男主回应	33467		2020-07-26T22:36:56.200586
21	李佳琦直播	33129		2020-07-26T22:36:56.200711
22	喻言是来参加跑步比赛的	33080		2020-07-26T22:36:56.200835
23	忍界大战	31468		2020-07-26T22:36:56.200959
24	比特币价格突破10000美元	31454		2020-07-26T22:36:56.201082
25	阿里回应印度前雇员起诉	29044		2020-07-26T22:36:56.201206
26	假如用绿茶方式说话	28876		2020-07-26T22:36:56.201330
27	乃万线上演唱会	28330		2020-07-26T22:36:56.201454
28	周杰伦疯狂翻牌	28087		2020-07-26T22:36:56.201581
29	外卖小哥皮肤大战	27638		2020-07-26T22:36:56.201705
30	杭州女子失踪案是有预谋的故意杀人案	27280		2020-07-26T22:36:56.201829
31	解放军南海实弹射击训练	27195		2020-07-26T22:36:56.201955
32	郑希怡刘雨昕终于见面了	27160		2020-07-26T22:36:56.202080
33	戳爷 布布	27122		2020-07-26T22:36:56.202203
34	河南专升本泄题嫌犯被控制	26681		2020-07-26T22:36:56.202327
35	鲲龙AG600海上首飞成功	25973		2020-07-26T22:36:56.202451
36	iG战胜TES	25400		2020-07-26T22:36:56.202576
37	赵丽颖泡泡袖白纱裙	25046		2020-07-26T22:36:56.202701
38	你可以找到更好的工作	24109		2020-07-26T22:36:56.202824
39	秦淮河大堤内部被指挖空建高档餐厅	23816		2020-07-26T22:36:56.202948
40	国安	23451		2020-07-26T22:36:56.203072
41	iG TES	21906		2020-07-26T22:36:56.203194
42	马云	21594		2020-07-26T22:36:56.203318
43	三十而已的男性角色	21496		2020-07-26T22:36:56.203441
44	受灾小猫变成军喵	21425		2020-07-26T22:36:56.203567
45	招生办通报专升本考试疑似泄题事件	20768		2020-07-26T22:36:56.203691
46	五条人回应被淘汰	20229		2020-07-26T22:36:56.203815
47	南开录取通知书送两粒莲花种子	19901		2020-07-26T22:36:56.203939
48	安徽一消防指挥员在抗洪中牺牲	19804		2020-07-26T22:36:56.204082
49	台湾花莲海域5.5级地震	18054		2020-07-26T22:36:56.204202
50	河南专升本	17846		2020-07-26T22:36:56.204290
