排名	关键词	热度	特征	时间
1	黄圣依看伊能静的表情	1800841	沸	2020-07-03T18:58:35.676859
2	幼儿园老师带176名孩子17秒撤离	1464732	新	2020-07-03T18:58:35.676979
3	奔跑吧这期主题真的好	1342169	新	2020-07-03T18:58:35.677081
4	蓝盈莹好胜心	1259101	沸	2020-07-03T18:58:35.677175
5	孟佳组太惨了	892747		2020-07-03T18:58:35.677268
6	给底妆解解闷	834183	荐	2020-07-03T18:58:35.677343
7	当当网男员工变性以旷工被解雇	715279	新	2020-07-03T18:58:35.677435
8	向往的生活	677447		2020-07-03T18:58:35.677527
9	拍一拍	584389		2020-07-03T18:58:35.677600
10	港独头目罗冠聪承认逃离香港	508995		2020-07-03T18:58:35.677672
11	不建议给狗吃红心火龙果	444243	热	2020-07-03T18:58:35.677747
12	宁静练舞吃速效救心丸	443676		2020-07-03T18:58:35.677838
13	奔跑吧	442930		2020-07-03T18:58:35.677911
14	炙热的我们	352909		2020-07-03T18:58:35.677984
15	巴基斯坦外交部长感染新冠病毒	338895	新	2020-07-03T18:58:35.678057
16	姚明为钟南山赠送球衣	327968		2020-07-03T18:58:35.678148
17	喻恩泰	327958		2020-07-03T18:58:35.678221
18	李子柒被写入小学语文考卷	327877		2020-07-03T18:58:35.678293
19	为何图书馆不能穿拖鞋	327760	新	2020-07-03T18:58:35.678365
20	小顾 胡苹果	327687		2020-07-03T18:58:35.678457
21	少年之名	327578		2020-07-03T18:58:35.678530
22	李晨最后哭了	327497	新	2020-07-03T18:58:35.678602
23	越南24K纯金酒店开业	327493	新	2020-07-03T18:58:35.678692
24	为什么公章在中国如此重要	322467		2020-07-03T18:58:35.678781
25	闪耀暖暖 小樱	260451		2020-07-03T18:58:35.678853
26	乘风破浪的姐姐	241330		2020-07-03T18:58:35.678926
27	王嘉尔脱郭麒麟鞋子	233521		2020-07-03T18:58:35.678998
28	阿朵袁咏琳友情	233448		2020-07-03T18:58:35.679070
29	物理老师都是行为艺术家	221522	新	2020-07-03T18:58:35.679142
30	外交部欢迎各国企业继续在香港发展	208428		2020-07-03T18:58:35.679233
31	经济学家警告日本中产正在消失	201064		2020-07-03T18:58:35.679305
32	李紫婷高音	200959		2020-07-03T18:58:35.679378
33	张萌海豚音	200079		2020-07-03T18:58:35.679449
34	涂防晒霜有多重要	197739		2020-07-03T18:58:35.679522
35	特朗普称美国经济正在强劲恢复	189728		2020-07-03T18:58:35.679593
36	CBA	182048		2020-07-03T18:58:35.679665
37	左林杰素人初C	176025	新	2020-07-03T18:58:35.679737
38	普普黑白大片	174256		2020-07-03T18:58:35.679828
39	我在颐和园等你	167862		2020-07-03T18:58:35.679899
40	锦绣南歌	164816		2020-07-03T18:58:35.679971
41	当代年轻人有多能喝酒	161747		2020-07-03T18:58:35.680054
42	万茜喜爱度排名第一	161293		2020-07-03T18:58:35.680128
43	马嘉祺唱歌	161139		2020-07-03T18:58:35.680200
44	暮白首	160815		2020-07-03T18:58:35.680273
45	假如乘风破浪的姐姐去爬山	156108		2020-07-03T18:58:35.680343
46	公职人员工作时间发朋友圈被诫勉	148227		2020-07-03T18:58:35.680414
47	最强大脑取消国际赛	132795		2020-07-03T18:58:35.680486
48	男孩吃饭被偷拍秒变优雅	129479		2020-07-03T18:58:35.680556
49	鸳鸯锅的多种用途	128609		2020-07-03T18:58:35.680627
50	明日方舟	89264	新	2020-07-03T18:58:35.680699
