排名	关键词	热度	特征	时间
1	Lisa被前经纪人骗钱	4055554	沸	2020-06-02T06:47:47.049519
2	美国政客称抗议都是俄罗斯设计的	3616138	新	2020-06-02T06:47:47.049686
3	夏日混油皮团战	3597386	荐	2020-06-02T06:47:47.049848
4	郑爽 只怕人情两面刀	3583239	新	2020-06-02T06:47:47.050004
5	血疫	3480500	新	2020-06-02T06:47:47.050155
6	朴树笑得很甜	2387563	荐	2020-06-02T06:47:47.050301
7	韩烁黑化	1983326	沸	2020-06-02T06:47:47.050454
8	丁禹兮演技	974396	沸	2020-06-02T06:47:47.050602
9	纽约市长回应女儿参加抗议被捕	966606		2020-06-02T06:47:47.050749
10	KBS回应女洗手间偷拍事件	841912	新	2020-06-02T06:47:47.050867
11	YG回应Lisa被前经纪人骗钱	827428	新	2020-06-02T06:47:47.051013
12	洛杉矶示威者保护科比父女壁画	827242		2020-06-02T06:47:47.051159
13	我国已发现660多种外来入侵物种	799371	新	2020-06-02T06:47:47.051276
14	武汉中心医院医生胡卫锋逝世	753687		2020-06-02T06:47:47.051425
15	比特币	726289		2020-06-02T06:47:47.051542
16	延安教育局协查仝卓事件	707248		2020-06-02T06:47:47.051658
17	刚果暴发第11轮埃博拉疫情	660720		2020-06-02T06:47:47.051774
18	贾乃亮李小璐陪甜馨玩耍	657375	热	2020-06-02T06:47:47.051889
19	钟美美回应下架模仿老师视频	645386	新	2020-06-02T06:47:47.052053
20	上官婉儿天狼绘梦者	642505	新	2020-06-02T06:47:47.052200
21	蔡莉	628711		2020-06-02T06:47:47.052350
22	特朗普要求动用压倒性执法力量	627376		2020-06-02T06:47:47.052465
23	618列车	616952		2020-06-02T06:47:47.052582
24	川航3U8633备降事件调查报告公布	578812	新	2020-06-02T06:47:47.052698
25	移动用户月人均上网时长达144小时	518503	新	2020-06-02T06:47:47.052844
26	独立尸检显示非洲裔男子为窒息致死	516592	热	2020-06-02T06:47:47.052990
27	梅威瑟将支付受害黑人葬礼费用	477386	新	2020-06-02T06:47:47.053137
28	魔幻2020	466633		2020-06-02T06:47:47.053283
29	日本开始大规模抗体检测	432931		2020-06-02T06:47:47.053400
30	哈德森参加游行示威被捕	409139		2020-06-02T06:47:47.053514
31	提交离婚诉讼书遭丈夫暴打	387919		2020-06-02T06:47:47.053628
32	塞尔维亚向3名中国赴塞抗疫专家授勋	375987		2020-06-02T06:47:47.053744
33	热心邻居蜘蛛侠	368450		2020-06-02T06:47:47.053860
34	弗洛伊德弟弟喊话示威者	331061	新	2020-06-02T06:47:47.053974
35	北京禁止擅自实施放生活动	308144		2020-06-02T06:47:47.054119
36	十余名记者在工作中遭到美国警察袭击	295786		2020-06-02T06:47:47.054235
37	世卫组织回应美国宣布终止关系	238050		2020-06-02T06:47:47.054350
38	纽约市晚8点就开始宵禁	230638		2020-06-02T06:47:47.054464
39	帮爷爷卖废品挣六一礼物	227548		2020-06-02T06:47:47.054579
40	李佳琦小助理回来了	221760		2020-06-02T06:47:47.054693
41	化工专业用元素周期表制作毕业照	221119		2020-06-02T06:47:47.054808
42	俄美总统通电话讨论新冠疫情防控等问题	203450		2020-06-02T06:47:47.054923
43	民法典全文	198580		2020-06-02T06:47:47.055038
44	早期宇宙中碰撞形成的环形星系	189394		2020-06-02T06:47:47.055152
45	游戏中让你心动的角色	187358	新	2020-06-02T06:47:47.055266
46	传闻中的陈芊芊	187134		2020-06-02T06:47:47.055410
47	特朗普称将调用联邦军队维护治安	163206		2020-06-02T06:47:47.055526
48	带全家从美来京确诊女子被批捕	158765	新	2020-06-02T06:47:47.055642
49	世卫称中南美洲已成新冠密集传播区	155083		2020-06-02T06:47:47.055786
50	海豹原来是毛绒的	154261		2020-06-02T06:47:47.055902
