排名	关键词	热度	特征	时间
1	贾乃亮真惨	451674	热	2020-05-17T23:47:47.059822
2	奥巴马再批特朗普政府	196875		2020-05-17T23:47:47.059961
3	任嘉伦舞出潮流棒签	167189	荐	2020-05-17T23:47:47.060058
4	黄子韬满脑子都是田京凡	154466		2020-05-17T23:47:47.060192
5	创3排名	110704		2020-05-17T23:47:47.060297
6	头盔涨价	93819	沸	2020-05-17T23:47:47.060390
7	周扬青 P照片是网红的基本职业素养	88021	热	2020-05-17T23:47:47.060507
8	东风本田4S店承认收续保押金违规	83185		2020-05-17T23:47:47.060625
9	中国今年有望成全球第一大市场	74755		2020-05-17T23:47:47.060718
10	清平乐大结局前篇	69398		2020-05-17T23:47:47.060810
11	百对战疫新人云婚礼豪华嘉宾阵容	64907	热	2020-05-17T23:47:47.060902
12	邓伦掏雷佳音兜	63987		2020-05-17T23:47:47.061019
13	易烊千玺眉心痣	59839		2020-05-17T23:47:47.061110
14	刘梦哭了	55300		2020-05-17T23:47:47.061205
15	李佳琦逛街遇到许光汉	55144	热	2020-05-17T23:47:47.061296
16	司马光 气人	53625		2020-05-17T23:47:47.061413
17	极限挑战	40920		2020-05-17T23:47:47.061506
18	李商隐	40907		2020-05-17T23:47:47.061597
19	山东冰雹	40890		2020-05-17T23:47:47.061690
20	减肥对你的改变有多大	40841		2020-05-17T23:47:47.061780
21	被岳云鹏贾乃亮笑死	40808		2020-05-17T23:47:47.061872
22	恋爱中哪些道理很俗却很对	40792		2020-05-17T23:47:47.061964
23	天天向上	40762		2020-05-17T23:47:47.062055
24	一辆车落了鸟粪物业摘了周围所有鸟巢	40725		2020-05-17T23:47:47.062145
25	任嘉伦	40702		2020-05-17T23:47:47.062239
26	王艺瑾面纱	40678		2020-05-17T23:47:47.062330
27	潘粤明真实体重	40092		2020-05-17T23:47:47.062422
28	感动中国	38822		2020-05-17T23:47:47.062514
29	以色列大使	28356		2020-05-17T23:47:47.062605
30	中国女排大喊我们没赢够	28348		2020-05-17T23:47:47.062695
31	薇娅直播	28317		2020-05-17T23:47:47.062786
32	徽柔也在怀吉心里	26976		2020-05-17T23:47:47.062873
33	反感亲戚的主要原因	24673		2020-05-17T23:47:47.062958
34	商务部回应美国对华为出口管制新规	24577		2020-05-17T23:47:47.063042
35	适合520发朋友圈的文案	24571		2020-05-17T23:47:47.063125
36	宋仁宗曹皇后谈心	23444		2020-05-17T23:47:47.063208
37	大学生用落樱拼出钟南山肖像	23131		2020-05-17T23:47:47.063291
38	澳门校园里的五星红旗	20253		2020-05-17T23:47:47.063374
39	最适合夏天用的壁纸	19382		2020-05-17T23:47:47.063456
40	张伯礼称一年内口罩还是摘不掉	19328		2020-05-17T23:47:47.063539
41	马保国被KO	19235		2020-05-17T23:47:47.063623
42	黄文秀获颁感动中国2019年度人物	18831		2020-05-17T23:47:47.063707
43	大学不开学是种什么体验	18294		2020-05-17T23:47:47.063791
44	加油amigo组团魂	17330		2020-05-17T23:47:47.063873
45	妈妈的日常消遣方式	17299		2020-05-17T23:47:47.063956
46	张富清获颁感动中国2019年度人物	17216		2020-05-17T23:47:47.064039
47	野餐时突然要交作业	16671		2020-05-17T23:47:47.064121
48	吴亦凡黄子韬 一物降一物	16237		2020-05-17T23:47:47.064220
49	深圳居民收入跟不上房价涨幅	15406		2020-05-17T23:47:47.064305
50	杀破狼	14236		2020-05-17T23:47:47.064388
