排名	关键词	热度	特征	时间
1	杨紫为张一山庆生的文案	2486713	热	2020-05-05T10:48:47.353981
2	追尾当场转账把对方车买了	1723218	新	2020-05-05T10:48:47.354168
3	易烊千玺请你吃薯条	1565536	荐	2020-05-05T10:48:47.354332
4	台版101模仿黑人抬棺	1494693	新	2020-05-05T10:48:47.354491
5	孔刘李栋旭为金高银应援	1240247	沸	2020-05-05T10:48:47.354649
6	金像下午茶	1231540		2020-05-05T10:48:47.354806
7	求婚得到整栋宿舍楼助攻的情侣领证	1178054		2020-05-05T10:48:47.354930
8	93年女生回应拥有400栋楼	966696		2020-05-05T10:48:47.355053
9	郑爽机场造型	680362		2020-05-05T10:48:47.355177
10	蓬佩奥受访妄图甩锅中国秒被打脸	638136	新	2020-05-05T10:48:47.355298
11	每个指甲缝内会有4.5到5万个细菌	638055	沸	2020-05-05T10:48:47.355452
12	全国统一的止痒方法	637755		2020-05-05T10:48:47.355604
13	北京降温学区房	637641		2020-05-05T10:48:47.355726
14	鹦鹉离家出走后反悔了	637219		2020-05-05T10:48:47.355847
15	张艺兴加盟街舞3	637082		2020-05-05T10:48:47.355966
16	今年夏天的肤色状态	636681	新	2020-05-05T10:48:47.356089
17	世卫称尚未收到美所称病毒起源具体证据	636600		2020-05-05T10:48:47.356256
18	剪头	636245	新	2020-05-05T10:48:47.356379
19	何雯娜爸爸的信	636132		2020-05-05T10:48:47.356532
20	虎门大桥	635908	新	2020-05-05T10:48:47.356659
21	美国医护扛尸袋跳黑人抬棺舞	576892		2020-05-05T10:48:47.356809
22	这野餐也太实在了吧	462532		2020-05-05T10:48:47.356930
23	吃过最奢侈的菜	440020	新	2020-05-05T10:48:47.357051
24	广西堂兄妹3人水库溺亡	376018		2020-05-05T10:48:47.357203
25	湖南一80后女官员非正常死亡	375977	新	2020-05-05T10:48:47.357325
26	宣璐全球影迷会解散	375564		2020-05-05T10:48:47.357479
27	抄作业时说过最多的话	335571		2020-05-05T10:48:47.357602
28	国安韩国外援吐槽中国队友	331538	新	2020-05-05T10:48:47.357723
29	李易峰觉得虞书欣很可爱	327766	新	2020-05-05T10:48:47.357876
30	男子打晕黑天鹅带回家炖汤	302938		2020-05-05T10:48:47.358028
31	马斯克第6个孩子	292506	新	2020-05-05T10:48:47.358150
32	21款app涉违法超范围采集个人隐私	282966		2020-05-05T10:48:47.358306
33	刘涛复古红裙	280067	新	2020-05-05T10:48:47.358428
34	黄果树瀑布变身彩虹瀑布	269547		2020-05-05T10:48:47.358581
35	卫健委提醒返程高峰做好个人防护	265674	新	2020-05-05T10:48:47.358703
36	你遇见最真实的小概率事件	264990	新	2020-05-05T10:48:47.358860
37	女生今年夏天的三大痛苦	246307		2020-05-05T10:48:47.359012
38	我的DNA图鉴	241582	新	2020-05-05T10:48:47.359132
39	张文宏谈年轻人脱发	241322		2020-05-05T10:48:47.359284
40	美国遭杀人蜂入侵	240831		2020-05-05T10:48:47.359408
41	韩国1100人同时参加室内考试	234677		2020-05-05T10:48:47.359531
42	大学跟高中最大的区别	230952	新	2020-05-05T10:48:47.359656
43	不考虑收入最想体验的职业	228000	新	2020-05-05T10:48:47.359809
44	暮光之城出新书	207481		2020-05-05T10:48:47.359961
45	立夏	206406		2020-05-05T10:48:47.360083
46	郑州高温致公园大量鱼死亡	199150		2020-05-05T10:48:47.360224
47	咸阳被裁医护被移出工作群	180052		2020-05-05T10:48:47.360344
48	成都总府路老凤祥银楼被盗	151958		2020-05-05T10:48:47.360468
49	把夏天装在相机里	151485	新	2020-05-05T10:48:47.360544
50	4人坠入黄河搜救范围扩大到邻市	151451		2020-05-05T10:48:47.360642
