排名	关键词	热度	特征	时间
1	唯一的好男人是许子言	4103117	热	2020-07-29T08:38:54.950186
2	因疫情滞留新增食宿费用游客承担	2621301	新	2020-07-29T08:38:54.950329
3	张国伟公主抱邓伦杨幂	2042298	新	2020-07-29T08:38:54.950457
4	汪苏泷	1960727	热	2020-07-29T08:38:54.950581
5	陈养鱼许放炮梁海王	925767	沸	2020-07-29T08:38:54.950703
6	房产微盘点	916487	荐	2020-07-29T08:38:54.950824
7	代入感太强了我已经	859479	新	2020-07-29T08:38:54.950944
8	大连30例确诊为凯洋海鲜公司员工	533562		2020-07-29T08:38:54.951065
9	主持人沈力去世	485329	沸	2020-07-29T08:38:54.951163
10	金希澈ins评论	481611	新	2020-07-29T08:38:54.951282
11	万茜经纪人发长文	477457	热	2020-07-29T08:38:54.951400
12	梁正贤空间管理大师	473223		2020-07-29T08:38:54.951518
13	南昌舰主炮对岸射击训练画面	469188	新	2020-07-29T08:38:54.951614
14	特朗普称美国大部分地区没有新冠病毒	465100		2020-07-29T08:38:54.951733
15	部分纳税人个税预扣预缴方法调整	461548	新	2020-07-29T08:38:54.951828
16	北京5个新冠疫苗获批进入临床研究	458569		2020-07-29T08:38:54.951946
17	杨玏机场被送鱼	456185	新	2020-07-29T08:38:54.952057
18	在男朋友的衣服上绣花	452057		2020-07-29T08:38:54.952181
19	密室大逃脱	447919		2020-07-29T08:38:54.952276
20	澳女议员穿垃圾袋回击着装批评	444114	新	2020-07-29T08:38:54.952371
21	刘亚仁朴信惠 活着	442839	新	2020-07-29T08:38:54.952492
22	余文乐祝王漫妮分手快乐	442467	热	2020-07-29T08:38:54.952612
23	90后小伙一人一狗黄河漂流38天	441420		2020-07-29T08:38:54.952732
24	三星堆周边发现重要遗址	431987	新	2020-07-29T08:38:54.952826
25	林有有哭戏	378871		2020-07-29T08:38:54.952945
26	赵英俊	377703		2020-07-29T08:38:54.953041
27	黑人男子被警察射杀监控	376180		2020-07-29T08:38:54.953135
28	基金	370175		2020-07-29T08:38:54.953230
29	博时基金	294616		2020-07-29T08:38:54.953326
30	深圳天气	292946	新	2020-07-29T08:38:54.953420
31	王思聪点赞药水哥	286803		2020-07-29T08:38:54.953537
32	彭昱畅丁禹兮天才游戏	284627		2020-07-29T08:38:54.953631
33	阿尔卑斯山现粉红色冰川	274831	新	2020-07-29T08:38:54.953723
34	白俄总统确诊感染新冠病毒	240228		2020-07-29T08:38:54.953841
35	陕西回应高考志愿填报系统崩溃	229155		2020-07-29T08:38:54.953935
36	关晓彤配音三十而已	228791		2020-07-29T08:38:54.954031
37	侃爷卡戴珊车中争执	226021		2020-07-29T08:38:54.954125
38	误入武汉大连小伙回应再遇疫情	221409		2020-07-29T08:38:54.954218
39	维秘母公司将裁员15%	210996	新	2020-07-29T08:38:54.954310
40	罗志祥工作室律师声明	209480	新	2020-07-29T08:38:54.954428
41	张月演技	209200		2020-07-29T08:38:54.954546
42	蔡徐坤海军服	209111		2020-07-29T08:38:54.954641
43	陕西一农用车坠崖已致7人遇难	207924		2020-07-29T08:38:54.954734
44	心疼段振宇	192690		2020-07-29T08:38:54.954831
45	请你应援你自己	180524		2020-07-29T08:38:54.954925
46	张掖七彩丹霞热气球节	178694	新	2020-07-29T08:38:54.955017
47	北京百花山云海	174079	新	2020-07-29T08:38:54.955137
48	古代网络现状	171693	新	2020-07-29T08:38:54.955257
49	大连疫情	170820		2020-07-29T08:38:54.955373
50	新疆新增89例本土病例	170506		2020-07-29T08:38:54.955466
