排名	关键词	热度	特征	时间
1	经纪人透露黄鸿升死因	3715080	新	2020-09-20T08:39:51.919102
2	寄给特朗普的包裹中发现蓖麻毒素	1920635	热	2020-09-20T08:39:51.919215
3	李易峰脸红告白	1917377	荐	2020-09-20T08:39:51.919314
4	王一博将参加珠海ZIC摩托车赛	1855474	新	2020-09-20T08:39:51.919412
5	台湾	1744432	沸	2020-09-20T08:39:51.919508
6	重庆高空索道坠落女子已去世	1518009	新	2020-09-20T08:39:51.919602
7	劳森被CBA终身禁赛	1435602		2020-09-20T08:39:51.919695
8	松下电器回应员工发正当言论被干涉	1428319		2020-09-20T08:39:51.919769
9	特朗普将提名候选填补金斯伯格席位	1426582		2020-09-20T08:39:51.919843
10	父亲去世后黄子韬首露面	1426321	热	2020-09-20T08:39:51.919917
11	横店群演收费标准由100升至120元	1004098	新	2020-09-20T08:39:51.920029
12	高圆圆生图	947974	热	2020-09-20T08:39:51.920125
13	沉默的真相	569293		2020-09-20T08:39:51.920215
14	寄给特朗普含蓖麻毒素信封来自加拿大	451808		2020-09-20T08:39:51.920285
15	乔丹最后一舞荣获艾美奖	381826	新	2020-09-20T08:39:51.920355
16	亲戚让帮忙投票	356625		2020-09-20T08:39:51.920443
17	中国军网发布战机组合拳壁纸	333826	新	2020-09-20T08:39:51.920513
18	爸爸被儿子用金箍棒打伤崩溃报警	333356	热	2020-09-20T08:39:51.920601
19	海沃德复出	333006		2020-09-20T08:39:51.920687
20	张旸	332572	新	2020-09-20T08:39:51.920755
21	斋藤洋介去世	332078	新	2020-09-20T08:39:51.920842
22	王俊凯衬衫裙	331405	新	2020-09-20T08:39:51.920927
23	南师大	331080		2020-09-20T08:39:51.921013
24	园方回应游客扎堆喂狼吃草	330498		2020-09-20T08:39:51.921085
25	公交司机为批改作业女教师开灯	329979	新	2020-09-20T08:39:51.921153
26	陆毅学生时期旧照	329904		2020-09-20T08:39:51.921239
27	江苏警方查获新型邮票毒品	329449	新	2020-09-20T08:39:51.921308
28	加拿大前总理特纳去世	304974		2020-09-20T08:39:51.921395
29	凯尔特人战胜热火	304753		2020-09-20T08:39:51.921465
30	在日本上空盘旋90分钟航空项目	304736		2020-09-20T08:39:51.921534
31	奥陶纪	298147		2020-09-20T08:39:51.921602
32	广州圆环彩虹	246591		2020-09-20T08:39:51.921671
33	魏大勋职场穿搭教程	223748		2020-09-20T08:39:51.921740
34	日方表示领导人绝对不会通话蔡英文	216646		2020-09-20T08:39:51.921809
35	乐队的夏天七强跨次元封面	214941	新	2020-09-20T08:39:51.921878
36	重庆旅游局回应女子高空索道坠落	194396		2020-09-20T08:39:51.921966
37	雅西高速山体垮塌致桥梁断裂	174321	新	2020-09-20T08:39:51.922034
38	专业对口的外卖小哥	169402		2020-09-20T08:39:51.922121
39	火箭军101对新人的集体婚礼	156392		2020-09-20T08:39:51.922191
40	姜云升直男rapper	143167		2020-09-20T08:39:51.922260
41	钱瑾	137802		2020-09-20T08:39:51.922330
42	国外网友们分享的家里最酷一角	136226		2020-09-20T08:39:51.922400
43	黄潇 这就是编舞	122692		2020-09-20T08:39:51.922472
44	南大仙林十九栋	118432	新	2020-09-20T08:39:51.922547
45	爸爸用特效拍出亲子大片	117615		2020-09-20T08:39:51.922641
46	最美逆行者评分	114392	新	2020-09-20T08:39:51.922715
47	94岁哥哥与88岁妹妹吵架离家出走	101169		2020-09-20T08:39:51.922806
48	庐山雨后初霁	95767		2020-09-20T08:39:51.922879
49	贝尔回归热刺	58502		2020-09-20T08:39:51.922952
50	真科技还得看家族群	57608		2020-09-20T08:39:51.923025
