排名	关键词	热度	特征	时间
1	芒种	2979122	新	2020-06-05T02:36:57.253380
2	伊能静和婆婆的相处模式	2670299	新	2020-06-05T02:36:57.253517
3	张铭恩深情表白X	2591508	荐	2020-06-05T02:36:57.253634
4	乃万成立工作室	1094469		2020-06-05T02:36:57.253746
5	英国规定乘坐公共交通工具必须戴口罩	896931	新	2020-06-05T02:36:57.253834
6	陈若仪和妈妈的对话	824442	沸	2020-06-05T02:36:57.253945
7	美国新冠肺炎超186万例	741038	新	2020-06-05T02:36:57.254055
8	世卫组织将更新口罩使用指南	647779	新	2020-06-05T02:36:57.254162
9	牛奶酸菜鱼	421925	沸	2020-06-05T02:36:57.254277
10	教育部倡议在校用餐尽量自备餐具	420971		2020-06-05T02:36:57.254401
11	婆婆和妈妈	420959		2020-06-05T02:36:57.254501
12	THE9背影照	420944		2020-06-05T02:36:57.254598
13	上海4例境外输入病例详情	420920	新	2020-06-05T02:36:57.254695
14	王思聪旗下熊猫互娱破产拍卖	317609	热	2020-06-05T02:36:57.254817
15	山东东西部温差为啥超25度	317544		2020-06-05T02:36:57.254938
16	爱奇艺回应庭审曝光原告观影记录	317433		2020-06-05T02:36:57.255032
17	GAI莲花	317315	新	2020-06-05T02:36:57.255126
18	从零开始的美国黑人生活	317076	新	2020-06-05T02:36:57.255246
19	上海暴雨	316973	新	2020-06-05T02:36:57.255366
20	广东独臂篮球少年视频回应库里	316857	新	2020-06-05T02:36:57.255486
21	深圳地铁5号线	316644	新	2020-06-05T02:36:57.255606
22	田柾国Still With You	316595	新	2020-06-05T02:36:57.255725
23	Epic本周免费游戏胡闹厨房	316391	新	2020-06-05T02:36:57.255845
24	钟美美班主任回应	316318		2020-06-05T02:36:57.255964
25	2分钟回顾上海杀妻冰柜藏尸案	276961		2020-06-05T02:36:57.256074
26	春日宴	267177		2020-06-05T02:36:57.256171
27	姜潮赞成二胎随麦迪娜姓	262385		2020-06-05T02:36:57.256265
28	梦回东宫礼裙	226413		2020-06-05T02:36:57.256359
29	三门峡发现600多座古墓葬	204301		2020-06-05T02:36:57.256454
30	外交部回应美暂停中国飞美客运航班	194813		2020-06-05T02:36:57.256548
31	腾讯会议崩了	189699		2020-06-05T02:36:57.256644
32	月上重火	187889		2020-06-05T02:36:57.256737
33	弗洛伊德	184813		2020-06-05T02:36:57.256832
34	阴阳师	172540		2020-06-05T02:36:57.256926
35	外交部回应英国首相涉港言论	152261		2020-06-05T02:36:57.257020
36	为穿上校服小脸都在使劲	150462		2020-06-05T02:36:57.257114
37	救人男子被跳楼者砸伤昏迷	149561		2020-06-05T02:36:57.257208
38	日本计划2021年开始全民接种新冠疫苗	148638		2020-06-05T02:36:57.257301
39	食物语	148225		2020-06-05T02:36:57.257396
40	密室大逃脱	136673		2020-06-05T02:36:57.257490
41	我是唱作人	132405		2020-06-05T02:36:57.257586
42	上海杀妻藏尸案受害者父亲回应	117079		2020-06-05T02:36:57.257680
43	弗洛伊德案另外3名涉事警察出庭受审	104194	新	2020-06-05T02:36:57.257774
44	爸爸给妈妈写的情书	97572		2020-06-05T02:36:57.257893
45	市长跪在弗洛伊德灵柩前大哭	96315	新	2020-06-05T02:36:57.257988
46	白宫几乎被铁网封闭	95790	新	2020-06-05T02:36:57.258109
47	起诉爱奇艺用户再发声	95674		2020-06-05T02:36:57.258229
48	美国示威者要求警察戴口罩	94892		2020-06-05T02:36:57.258324
49	福建为湖北籍应届毕业生发补贴	94476		2020-06-05T02:36:57.258419
50	当刑警路遇戴口罩逃犯	92760		2020-06-05T02:36:57.258515
