排名	关键词	热度	特征	时间
1	被五条人笑死	1823382	沸	2020-07-25T19:42:51.567418
2	失踪遇害女子丈夫被抓前最后画面	783896	沸	2020-07-25T19:42:51.567598
3	张韶涵决斗场见	757045	荐	2020-07-25T19:42:51.567751
4	许幻山没有心	754389	新	2020-07-25T19:42:51.567895
5	王一博 你要补一下妆	676272	沸	2020-07-25T19:42:51.568055
6	妻子的浪漫旅行4嗑到了	676126		2020-07-25T19:42:51.568202
7	许子言太可爱了	672621	新	2020-07-25T19:42:51.568315
8	钟汉良第一次freestyle	562939	沸	2020-07-25T19:42:51.568466
9	中国驻美使馆将暂管休斯敦总领馆工作	445079	新	2020-07-25T19:42:51.568630
10	浙江高考分数线	365193	沸	2020-07-25T19:42:51.568791
11	林梦是刘雨昕的老师	359493	热	2020-07-25T19:42:51.568948
12	钟晓阳承认喜欢钟晓芹	342412		2020-07-25T19:42:51.569106
13	这就是街舞3	330012		2020-07-25T19:42:51.569231
14	乐队的夏天	312886		2020-07-25T19:42:51.569355
15	中方回应美方强行进入驻休斯敦总领馆	230765		2020-07-25T19:42:51.569479
16	顾佳童年	230508		2020-07-25T19:42:51.569608
17	明日之子	227824		2020-07-25T19:42:51.569733
18	水木年华淘汰	223705	新	2020-07-25T19:42:51.569856
19	芜湖19岁脑瘫少年高考623分	212513		2020-07-25T19:42:51.570011
20	外交部回应美方进入我驻休斯敦总领馆	201370		2020-07-25T19:42:51.570135
21	Chace问大张伟版权费付了吗	193678		2020-07-25T19:42:51.570259
22	港生申请内地大学比率创9年新高	191826		2020-07-25T19:42:51.570381
23	温州中学	179570		2020-07-25T19:42:51.570504
24	性格内向才不是缺点呢	178707		2020-07-25T19:42:51.570628
25	英国首相称减肥可降低新冠风险	169698	新	2020-07-25T19:42:51.570749
26	杨怡女儿正面照	166355		2020-07-25T19:42:51.570906
27	蔡维泽淘汰	165588		2020-07-25T19:42:51.571030
28	录了三年的求婚视频	162257		2020-07-25T19:42:51.571153
29	综艺效果拉满的意外场面	148171		2020-07-25T19:42:51.571275
30	吉林现26800亩外来入侵物种	147482		2020-07-25T19:42:51.571397
31	张艺兴krump	147373		2020-07-25T19:42:51.571519
32	具荷拉日记	147367		2020-07-25T19:42:51.571641
33	南海再次发现抹香鲸群体	146937		2020-07-25T19:42:51.571764
34	快乐大本营	129890		2020-07-25T19:42:51.571885
35	iPhone11首次在印度生产	119477		2020-07-25T19:42:51.572022
36	王一博给梦迪毛巾	115794		2020-07-25T19:42:51.572153
37	宋茜李佳琦直播	113968		2020-07-25T19:42:51.572276
38	段振宇救姜小果	111013		2020-07-25T19:42:51.572403
39	美驻成都总领事馆被通知关闭第二天	106687		2020-07-25T19:42:51.572493
40	安徽进入紧急防汛期	104457		2020-07-25T19:42:51.572580
41	周奇 向俞星	102798		2020-07-25T19:42:51.572665
42	明日之子赛制 棒打鸳鸯	100608		2020-07-25T19:42:51.572750
43	美国驻成都总领事馆徽标被摘除	96632		2020-07-25T19:42:51.572834
44	小男孩因刮花车到派出所自首	87933		2020-07-25T19:42:51.572919
45	林有有段位	86094		2020-07-25T19:42:51.573004
46	应急管理部批准李义奎同志为烈士	83200		2020-07-25T19:42:51.573089
47	杭州失踪女子丈夫交代杀人分尸事实	82388		2020-07-25T19:42:51.573173
48	郑爽为杭州失踪女子发声	73590		2020-07-25T19:42:51.573257
49	AG晋级世冠八强	64503	新	2020-07-25T19:42:51.573341
50	杭州女子失踪案是有预谋的故意杀人案	55491		2020-07-25T19:42:51.573448
