排名	关键词	热度	特征	时间
1	孙俪妹妹艺考成绩	573037	热	2020-08-03T19:48:44.759942
2	武汉不一定是新冠跨物种传播地点	516947		2020-08-03T19:48:44.760097
3	李现 演技	499848	荐	2020-08-03T19:48:44.760192
4	三十而已	485857	热	2020-08-03T19:48:44.760305
5	姜思达红毯造型	434132	新	2020-08-03T19:48:44.760415
6	网易云回应网抑云	392038	沸	2020-08-03T19:48:44.760523
7	popi	313774	热	2020-08-03T19:48:44.760629
8	四川一女孩长期遭受家暴失联	286400		2020-08-03T19:48:44.760735
9	外交部回应美制裁新疆生产建设兵团	269074		2020-08-03T19:48:44.760821
10	沈月言承旭CP感	267802		2020-08-03T19:48:44.760906
11	故宫角楼月亮	265124	新	2020-08-03T19:48:44.760993
12	柯有伦得女	258944	新	2020-08-03T19:48:44.761102
13	我好喜欢你	257827		2020-08-03T19:48:44.761208
14	作者回应支持四市升直辖市	257809		2020-08-03T19:48:44.761295
15	吴前48分	252137	新	2020-08-03T19:48:44.761380
16	谢霆锋菜园子塌了	247330		2020-08-03T19:48:44.761494
17	林有有 许幻山	245709	新	2020-08-03T19:48:44.761593
18	花炮厂应援顾佳放GJ烟花	240768		2020-08-03T19:48:44.761713
19	二十不惑	238730		2020-08-03T19:48:44.761809
20	四川峨眉山山林间发现两具遗骸	237816		2020-08-03T19:48:44.761904
21	易烊千玺撑伞走红毯	207324		2020-08-03T19:48:44.761999
22	成都莱普敦酒店大火	194119	新	2020-08-03T19:48:44.762093
23	日本空调小哥扮女装上门装空调	161102		2020-08-03T19:48:44.762211
24	物业回应小区考生考上清北奖10000万	136050		2020-08-03T19:48:44.762308
25	华为阿里员工跳槽至微软受抵制	125031		2020-08-03T19:48:44.762402
26	大S为言承旭新剧打call	125014	热	2020-08-03T19:48:44.762498
27	许凯问给李泽锋打call会掉粉吗	124848		2020-08-03T19:48:44.762616
28	姜小果去周寻老家	121386		2020-08-03T19:48:44.762710
29	刘永坦捐出最高科技奖800万奖金	119032		2020-08-03T19:48:44.762804
30	肖枫被取消参赛资格	116703		2020-08-03T19:48:44.762897
31	曜FMVP皮肤	115495		2020-08-03T19:48:44.762990
32	沈阳一高压电线遭雷击	106538		2020-08-03T19:48:44.763083
33	六月十四月亮圆	106525		2020-08-03T19:48:44.763177
34	香港特区暂停港新移交逃犯协定	105084		2020-08-03T19:48:44.763272
35	男生如何对付林有有	104616		2020-08-03T19:48:44.763364
36	CBA	97631	新	2020-08-03T19:48:44.763456
37	外国人眼里的中文歌	90367		2020-08-03T19:48:44.763573
38	2020年全球最富有25个家族	83501		2020-08-03T19:48:44.763666
39	Xubin女警	79606		2020-08-03T19:48:44.763759
40	湖北仙桃一化工厂闪爆	78584		2020-08-03T19:48:44.763852
41	父亲为弥补儿子亲手改造房间	69115		2020-08-03T19:48:44.763947
42	黑格比	68441		2020-08-03T19:48:44.764054
43	杨洋迷彩服	65050		2020-08-03T19:48:44.764149
44	穿越火线	62043		2020-08-03T19:48:44.764243
45	河北男子连续三年酒驾被查	59367		2020-08-03T19:48:44.764334
46	宋茜暗夜流光礼服裙	58219		2020-08-03T19:48:44.764427
47	路小北制止网络暴力	57214		2020-08-03T19:48:44.764520
48	孙悦11投0中	56616		2020-08-03T19:48:44.764613
49	央视专访阿木爷爷	54921		2020-08-03T19:48:44.764706
50	沈阳暴雨	54602		2020-08-03T19:48:44.764799
