排名	关键词	热度	特征	时间
1	王漫妮相亲对象是王自健	2018571		2020-08-01T01:38:53.875854
2	浙大努某某被开除	1222864	沸	2020-08-01T01:38:53.876020
3	许飞道歉	1208333	新	2020-08-01T01:38:53.876201
4	赵丽颖管钱	1168408		2020-08-01T01:38:53.876365
5	张雨绮情绪失控跑下台	802397	热	2020-08-01T01:38:53.876494
6	元气哥哥团迷惑大赏	659677	荐	2020-08-01T01:38:53.876656
7	三十而已	470489		2020-08-01T01:38:53.876815
8	八一建军节	354374	新	2020-08-01T01:38:53.876940
9	港警通缉罗冠聪等6名外逃乱港分子	341628		2020-08-01T01:38:53.877098
10	解放军和武警部队72.5万人次抗洪	336320		2020-08-01T01:38:53.877226
11	八月你好	317354	新	2020-08-01T01:38:53.877353
12	应采儿催李泽锋还钱	288015	热	2020-08-01T01:38:53.877509
13	钟晓芹钟晓阳约会	282666		2020-08-01T01:38:53.877665
14	中餐厅	281542		2020-08-01T01:38:53.877790
15	3男子骑马冲进海里救起12岁男孩	279877		2020-08-01T01:38:53.877914
16	最强大脑	278039		2020-08-01T01:38:53.878040
17	青岛淘汰山东	276924		2020-08-01T01:38:53.878163
18	恶之花	275803		2020-08-01T01:38:53.878286
19	杨洋太老实了	274818		2020-08-01T01:38:53.878409
20	女子被尾随偶遇直播博主得救	268019		2020-08-01T01:38:53.878533
21	爷爷抽血时害怕奶奶帮捂眼睛	244092	新	2020-08-01T01:38:53.878658
22	黄明昊好惨	235904		2020-08-01T01:38:53.878815
23	接挪车电话找回丢失8年的车	217414		2020-08-01T01:38:53.878939
24	熊本县营业部长跳无价之姐	209212		2020-08-01T01:38:53.879062
25	全国GDP超万亿城市	162243		2020-08-01T01:38:53.879185
26	努某某存在多项违纪违规	162239	新	2020-08-01T01:38:53.879311
27	张子枫最受传媒关注女主角	162140	新	2020-08-01T01:38:53.879464
28	李泽锋机场被叫放炮的	162124		2020-08-01T01:38:53.879620
29	许飞P图和黄晓明合照	162054		2020-08-01T01:38:53.879744
30	三部门颁布4个国家职业技能标准	162007		2020-08-01T01:38:53.879866
31	殷世航 何婧婧	161976		2020-08-01T01:38:53.879991
32	万茜ending动作	159626		2020-08-01T01:38:53.880131
33	海南黑老大符聪被执行死刑	154279		2020-08-01T01:38:53.880257
34	北京暴雨故宫再现九龙吐水	127749		2020-08-01T01:38:53.880381
35	中国不会承认香港BNO护照	126745		2020-08-01T01:38:53.880505
36	美颜滤镜下的李现	126309	新	2020-08-01T01:38:53.880630
37	莫言 晚熟的人	123269		2020-08-01T01:38:53.880786
38	GAI赚奶粉钱比JonyJ还难	122547		2020-08-01T01:38:53.880910
39	杨易脑王之王	119454		2020-08-01T01:38:53.881033
40	元气满满的哥哥	113168		2020-08-01T01:38:53.881157
41	这大概就是亲情最好的状态	105941		2020-08-01T01:38:53.881279
42	李准基演技	102875	新	2020-08-01T01:38:53.881402
43	开起火货车冲出闹市司机获赠新车	96060		2020-08-01T01:38:53.881555
44	八一天安门广场升旗仪式	95653	新	2020-08-01T01:38:53.881679
45	奔跑吧	94730		2020-08-01T01:38:53.881833
46	三十而已追剧行为大赏	94218		2020-08-01T01:38:53.881957
47	欧阳妮妮否认欧阳娜娜整过鼻子	93842		2020-08-01T01:38:53.882079
48	张庆鹏	84925		2020-08-01T01:38:53.882202
49	TS晋级世冠四强	75898		2020-08-01T01:38:53.882325
50	F1车手佩雷兹确诊感染新冠	75148		2020-08-01T01:38:53.882448
