排名	关键词	热度	特征	时间
1	程璐 等下次复婚的时候再办吧	422124	热	2020-08-26T20:48:44.806368
2	日本多所大学收到恐吓邮件	320748		2020-08-26T20:48:44.806558
3	大张伟真实	309563	沸	2020-08-26T20:48:44.806696
4	乐华	295359	沸	2020-08-26T20:48:44.806855
5	李尖尖凌霄接吻	215985	沸	2020-08-26T20:48:44.807013
6	宋茜 年龄自定义	178366	荐	2020-08-26T20:48:44.807167
7	6000多人被网上养猫平台骗得血本无归	177202		2020-08-26T20:48:44.807323
8	美宣布制裁24家参与南海建岛中企	158379		2020-08-26T20:48:44.807450
9	易建联致敬科比	146092		2020-08-26T20:48:44.807575
10	金秀贤新剧获行政处罚	145214	热	2020-08-26T20:48:44.807700
11	唐灿妈妈	134130		2020-08-26T20:48:44.807844
12	琉璃	129488		2020-08-26T20:48:44.807957
13	张鑫的出轨对象是杨雁	127863	热	2020-08-26T20:48:44.808112
14	韩国数万名医生罢工	86414		2020-08-26T20:48:44.808271
15	泰国臭脸猫咪理发	81322		2020-08-26T20:48:44.808400
16	十余名非法越境人员被广东海警局抓获	77027	新	2020-08-26T20:48:44.808527
17	女大学生车祸离世捐器官救5人	76939		2020-08-26T20:48:44.808685
18	小米任命林世伟为首席财务官	76583		2020-08-26T20:48:44.808809
19	达芙妮宣布彻底退出实体零售	75946	热	2020-08-26T20:48:44.808932
20	以家人之名	75507		2020-08-26T20:48:44.809089
21	李雪琴老板	75036		2020-08-26T20:48:44.809211
22	孔雪儿黑色长卷发	74373		2020-08-26T20:48:44.809335
23	李宇春穿15年前比赛衣服现身机场	74241		2020-08-26T20:48:44.809460
24	昆明烂尾楼开发商被列失信后仍卖房	73516		2020-08-26T20:48:44.809585
25	贺子秋凭本事单身	73236		2020-08-26T20:48:44.809708
26	9岁女孩练字3年写出印刷体	72869		2020-08-26T20:48:44.809832
27	当上舞蹈课忘了带舞蹈鞋	72589		2020-08-26T20:48:44.809955
28	越南逮捕21名中国通缉犯	70205		2020-08-26T20:48:44.810079
29	印度一大学举办全3D毕业典礼	69945		2020-08-26T20:48:44.810203
30	薇娅高圆圆直播	69907		2020-08-26T20:48:44.810327
31	周奇墨淘汰	64426		2020-08-26T20:48:44.810450
32	王文也	63299		2020-08-26T20:48:44.810572
33	90岁姥姥做完美甲后悉心保护	59752		2020-08-26T20:48:44.810692
34	中国人民警察警旗式样	57091		2020-08-26T20:48:44.810814
35	潜水员帮鲨鱼从口中取出300只鱼钩	56356		2020-08-26T20:48:44.810935
36	年轻人吃火锅一次调3碗小料	51127		2020-08-26T20:48:44.811059
37	康辉撒贝宁尼格买提跳街舞	50915		2020-08-26T20:48:44.811183
38	张一接近杨雁儿子	47489		2020-08-26T20:48:44.811306
39	白色月光	45895		2020-08-26T20:48:44.811428
40	司凤璇玑拜堂	44975		2020-08-26T20:48:44.811551
41	腾蛇怼昊辰好爽	44599		2020-08-26T20:48:44.811673
42	第一视角的极速光轮有多爽	43451		2020-08-26T20:48:44.811796
43	首个台风红色预警	41722		2020-08-26T20:48:44.811918
44	敏言被逐出师门	37321		2020-08-26T20:48:44.812091
45	李佳琦直播	37313		2020-08-26T20:48:44.812227
46	酒里下药有多容易	32659		2020-08-26T20:48:44.812359
47	职工医保个人账户拟可用于家人	28805		2020-08-26T20:48:44.812446
48	白桃乌龙青森冰沙	24220		2020-08-26T20:48:44.812532
49	阿里内部隐藏P序列职级	20193		2020-08-26T20:48:44.812623
50	杨蒙恩太好笑了	19988		2020-08-26T20:48:44.812717
