排名	关键词	热度	特征	时间
1	黄圣依看伊能静的表情	3630876	沸	2020-07-03T17:42:50.553829
2	幼儿园老师带176名孩子17秒撤离	2745418	新	2020-07-03T17:42:50.553951
3	蓝盈莹好胜心	2610886	热	2020-07-03T17:42:50.554062
4	孟佳组太惨了	2092683	新	2020-07-03T17:42:50.554182
5	拍一拍	1565954		2020-07-03T17:42:50.554285
6	向往的生活	1334125		2020-07-03T17:42:50.554370
7	不建议给狗吃红心火龙果	1075433	热	2020-07-03T17:42:50.554447
8	当当网男员工变性以旷工被解雇	906644	新	2020-07-03T17:42:50.554541
9	港独头目罗冠聪承认逃离香港	782682		2020-07-03T17:42:50.554634
10	姚明为钟南山赠送球衣	666106		2020-07-03T17:42:50.554709
11	宁静练舞吃速效救心丸	664248		2020-07-03T17:42:50.554783
12	奔跑吧	661416		2020-07-03T17:42:50.554856
13	公职人员工作时间发朋友圈被诫勉	581785		2020-07-03T17:42:50.554929
14	炙热的我们	571863		2020-07-03T17:42:50.555004
15	外交部欢迎各国企业继续在香港发展	569293		2020-07-03T17:42:50.555077
16	喻恩泰	556970	新	2020-07-03T17:42:50.555149
17	李子柒被写入小学语文考卷	545589	新	2020-07-03T17:42:50.555239
18	为什么公章在中国如此重要	535679	新	2020-07-03T17:42:50.555331
19	小顾 胡苹果	520697	新	2020-07-03T17:42:50.555423
20	闪耀暖暖 小樱	518278		2020-07-03T17:42:50.555514
21	王嘉尔脱郭麒麟鞋子	517127	新	2020-07-03T17:42:50.555587
22	少年之名	511527		2020-07-03T17:42:50.555678
23	涂防晒霜有多重要	436429		2020-07-03T17:42:50.555751
24	最强大脑取消国际赛	388130		2020-07-03T17:42:50.555823
25	乘风破浪的姐姐	346898		2020-07-03T17:42:50.555896
26	阿朵袁咏琳友情	342547	新	2020-07-03T17:42:50.555969
27	李紫婷高音	338557		2020-07-03T17:42:50.556069
28	我在颐和园等你	333114		2020-07-03T17:42:50.556143
29	经济学家警告日本中产正在消失	325438	新	2020-07-03T17:42:50.556216
30	假如乘风破浪的姐姐去爬山	320141		2020-07-03T17:42:50.556308
31	张萌海豚音	299523		2020-07-03T17:42:50.556381
32	普普黑白大片	277795		2020-07-03T17:42:50.556474
33	锦绣南歌	251299		2020-07-03T17:42:50.556551
34	特朗普称美国经济正在强劲恢复	250067		2020-07-03T17:42:50.556624
35	鸳鸯锅的多种用途	249434		2020-07-03T17:42:50.556698
36	万茜喜爱度排名第一	248069		2020-07-03T17:42:50.556771
37	马嘉祺唱歌	247327	新	2020-07-03T17:42:50.556844
38	CBA	245706		2020-07-03T17:42:50.556935
39	奔跑吧这期主题真的好	239999	新	2020-07-03T17:42:50.557008
40	男孩吃饭被偷拍秒变优雅	238762		2020-07-03T17:42:50.557100
41	赵丽娇	234798		2020-07-03T17:42:50.557173
42	越南24K纯金酒店开业	228707	新	2020-07-03T17:42:50.557246
43	左林杰素人初C	228354	新	2020-07-03T17:42:50.557338
44	暮白首	227969	新	2020-07-03T17:42:50.557428
45	我女儿想要点个男朋友	225022		2020-07-03T17:42:50.557519
46	当代年轻人有多能喝酒	216947		2020-07-03T17:42:50.557592
47	巴基斯坦外交部长感染新冠病毒	210624	新	2020-07-03T17:42:50.557665
48	格力电器被中国移动取消中标资格	186204		2020-07-03T17:42:50.557757
49	北京通报石景山万达广场女顾客阳性情况	169381		2020-07-03T17:42:50.557830
50	巴基斯坦火车与客车相撞至少19人死亡	155327		2020-07-03T17:42:50.557903
