排名	关键词	热度	特征	时间
1	李子柒 土豆	122915	沸	2020-06-03T22:46:47.229066
2	钟南山回应国外侮辱我们瞒报	87011		2020-06-03T22:46:47.229136
3	迪丽热巴直播做扎染	75446		2020-06-03T22:46:47.229186
4	伊能静	63219		2020-06-03T22:46:47.229232
5	玩蹦床致截瘫女研究生身体好转	62077		2020-06-03T22:46:47.229278
6	朱一龙为杨蓉庆生	60653	沸	2020-06-03T22:46:47.229324
7	弗洛伊德生命的最后20分钟	60381		2020-06-03T22:46:47.229380
8	奉劝让中方悬崖勒马的英方悬崖勒马	52988		2020-06-03T22:46:47.229425
9	乘风破浪的姐姐第三组阵容	51955		2020-06-03T22:46:47.229470
10	172Girls	49681	沸	2020-06-03T22:46:47.229514
11	高三班主任把办公桌搬进教室	41814		2020-06-03T22:46:47.229569
12	心疼秦清	40658		2020-06-03T22:46:47.229614
13	地摊经济	40622	热	2020-06-03T22:46:47.229658
14	卡姆女友	40596		2020-06-03T22:46:47.229713
15	53岁儿子和95岁父亲合拍搞怪视频	40583		2020-06-03T22:46:47.229757
16	大连夜市一片狼藉	40544		2020-06-03T22:46:47.229802
17	杜海涛把吴昕照片放沈梦辰前面	40486	热	2020-06-03T22:46:47.229846
18	G7没中国参与很难解决全球性问题	40463		2020-06-03T22:46:47.229902
19	青你超模女团取名大赛	40426		2020-06-03T22:46:47.229946
20	我才不要和你做朋友呢	40376		2020-06-03T22:46:47.229990
21	五个一	40348		2020-06-03T22:46:47.230034
22	美国数以千计抗议者趴大桥致哀	40306		2020-06-03T22:46:47.230078
23	戚薇薇娅直播	40261		2020-06-03T22:46:47.230122
24	老板托举出员工自己身亡	40246		2020-06-03T22:46:47.230165
25	周放壁咚宋凛	40212		2020-06-03T22:46:47.230209
26	弗洛伊德	36797		2020-06-03T22:46:47.230253
27	假如你目前的职业去摆地摊	36637		2020-06-03T22:46:47.230297
28	幸福触手可及预告	35031		2020-06-03T22:46:47.230341
29	熊鞠	33849		2020-06-03T22:46:47.230385
30	特朗普	33342		2020-06-03T22:46:47.230429
31	心疼陈君何	31345		2020-06-03T22:46:47.230473
32	夫妻结婚30多年坚持AA制	30025		2020-06-03T22:46:47.230516
33	美国对10个贸易伙伴发起301调查	29571		2020-06-03T22:46:47.230560
34	三叉戟	29566		2020-06-03T22:46:47.230603
35	如果去摆地摊该做什么生意	26618		2020-06-03T22:46:47.230647
36	雪豹妈妈岩洞中哺育幼崽	25118		2020-06-03T22:46:47.230691
37	孙红雷 怎么没有乘风破浪的哥哥们	24606		2020-06-03T22:46:47.230734
38	Uzi退役	23805		2020-06-03T22:46:47.230777
39	郑爽 又给自己涨了教训	22280		2020-06-03T22:46:47.230821
40	北京发100亿消费券	22186		2020-06-03T22:46:47.230864
41	地摊车	22106		2020-06-03T22:46:47.230907
42	十日游戏	21053		2020-06-03T22:46:47.230950
43	卡姆吸毒被捕	20816		2020-06-03T22:46:47.230993
44	舒兰高三学生二次复课战高考	20734		2020-06-03T22:46:47.231037
45	heartsignal3	19816		2020-06-03T22:46:47.231080
46	教育局通报小学生校园内被撞身亡	19232		2020-06-03T22:46:47.231124
47	张艺兴科技感项羽造型	18513		2020-06-03T22:46:47.231169
48	我想对Uzi说	17812		2020-06-03T22:46:47.231213
49	朴春的脸	16065		2020-06-03T22:46:47.231256
50	谷歌跟踪隐身模式用户信息被起诉	9596		2020-06-03T22:46:47.231300
