排名	关键词	热度	特征	时间
1	肖战视频专访	299184	沸	2020-05-06T22:58:37.725021
2	湖北首例新冠肺炎终末期患者肺移植手术	172189		2020-05-06T22:58:37.725142
3	李佳琦小助理转幕后做合伙人	137462	热	2020-05-06T22:58:37.725232
4	李易峰劝架	129579	沸	2020-05-06T22:58:37.725331
5	被活埋的瘫痪母亲生命体征平稳	112357	沸	2020-05-06T22:58:37.725428
6	刘昊然喜提新车	80035	荐	2020-05-06T22:58:37.725523
7	华春莹霸气回应有人想借疫情打击中国	51371		2020-05-06T22:58:37.725616
8	武汉高三学生这样吃午餐	46894		2020-05-06T22:58:37.725692
9	金像奖	44472		2020-05-06T22:58:37.725768
10	伊朗宣布1万旧币换1新币	40534		2020-05-06T22:58:37.725841
11	史上最热心的房东	39658		2020-05-06T22:58:37.725915
12	郑秀文回应金像奖陪跑	39475		2020-05-06T22:58:37.725990
13	关空调后像极了案发现场	38066		2020-05-06T22:58:37.726064
14	虎门大桥最新检测情况	36115		2020-05-06T22:58:37.726139
15	印尼班达海7.2级地震	28451		2020-05-06T22:58:37.726214
16	宋仁宗称怀吉是知己	28114		2020-05-06T22:58:37.726289
17	老人忘带钥匙用绳索从6楼吊孙子开门	28113		2020-05-06T22:58:37.726363
18	大唐明月阵容	28112		2020-05-06T22:58:37.726437
19	马思纯祝贺周冬雨	28111		2020-05-06T22:58:37.726510
20	货拉拉回应搬家司机坐地起价	28110		2020-05-06T22:58:37.726583
21	男子疑活埋瘫痪母亲	28108		2020-05-06T22:58:37.726656
22	中信银行回应池子投诉	28106		2020-05-06T22:58:37.726729
23	戴耳机玩手机游戏导致失聪	28105		2020-05-06T22:58:37.726801
24	外卖小哥护送医生回医院救人	25949		2020-05-06T22:58:37.726873
25	小学生世界名画仿拍秀	25262		2020-05-06T22:58:37.726946
26	官方回应洒水车驱逐赶集人群	24026		2020-05-06T22:58:37.727018
27	黄晓明 小明历险记	24023		2020-05-06T22:58:37.727090
28	郑秀文陪跑	23315		2020-05-06T22:58:37.727164
29	杭州5天发生11起汽车自燃	21764		2020-05-06T22:58:37.727238
30	约翰逊复工首次质询称工作的感觉真好	21740		2020-05-06T22:58:37.727313
31	小鹿的可爱叫声	21728		2020-05-06T22:58:37.727387
32	来重庆荡秋千吗	21001		2020-05-06T22:58:37.727459
33	多地明确520和521婚姻登记需预约	20114		2020-05-06T22:58:37.727532
34	带一车纸尿裤支援武汉的医生回家了	19903		2020-05-06T22:58:37.727603
35	中央要求提升疫情监测预警能力	19622		2020-05-06T22:58:37.727676
36	全国老师统一的口头禅	19559		2020-05-06T22:58:37.727748
37	敦煌沙漠深处迎万只水鸟	19321		2020-05-06T22:58:37.727821
38	你现在仍保留的孩子气行为	18317		2020-05-06T22:58:37.727892
39	易烊千玺金像奖最佳新演员	18020		2020-05-06T22:58:37.727964
40	阅文明确著作人身权归属作者	17652		2020-05-06T22:58:37.728035
41	徽柔听曹评唱歌	17639		2020-05-06T22:58:37.728107
42	当遥控器突然失灵时	17443		2020-05-06T22:58:37.728195
43	重庆酒店的床头礼物	17231		2020-05-06T22:58:37.728274
44	武汉商场再现百米购物长队	14786		2020-05-06T22:58:37.728348
45	SM慈善公演延期	14224		2020-05-06T22:58:37.728421
46	92岁外婆带83岁奶奶摸河蚌	13807		2020-05-06T22:58:37.728508
47	周冬雨金像奖最佳女主角	13269		2020-05-06T22:58:37.728594
48	韩国比赛因疫情设假人观众	13205		2020-05-06T22:58:37.728677
49	三星继承人李在镕道歉	13002		2020-05-06T22:58:37.728761
50	俄罗斯文化部长确诊新冠肺炎	10541		2020-05-06T22:58:37.728843
