排名	关键词	热度	特征	时间
1	北京地震	359965	沸	2020-05-25T22:54:41.775480
2	建议因疫情归国留学生可入学高职高专	177437	沸	2020-05-25T22:54:41.775659
3	哆啦A梦长痘了	144831	荐	2020-05-25T22:54:41.775816
4	传闻中的陈芊芊	123984		2020-05-25T22:54:41.775964
5	地震	104512	沸	2020-05-25T22:54:41.776099
6	王一博 面面俱到	89378	荐	2020-05-25T22:54:41.776243
7	钟山称聪明的外商不会放弃中国市场	63608		2020-05-25T22:54:41.776385
8	韫色过浓	61930	沸	2020-05-25T22:54:41.776500
9	宋凛匿名送花	46494		2020-05-25T22:54:41.776640
10	香港中联办正告暴徒切勿低估中央决心	45301		2020-05-25T22:54:41.776752
11	张智霖拍袁咏仪追李敏镐新剧	43875	沸	2020-05-25T22:54:41.776867
12	杭州出台未成年人三不宜制度意见	39906		2020-05-25T22:54:41.777023
13	宿舍柜子孵出4只小鸟	39883		2020-05-25T22:54:41.777153
14	上万多伦多市民不戴口罩扎堆公园	39223		2020-05-25T22:54:41.777280
15	建议禁止单身女性冷冻卵子	38733	热	2020-05-25T22:54:41.777407
16	香菜奶茶	38666		2020-05-25T22:54:41.777565
17	珠峰测量登山队抵达海拔7790米营地	38011		2020-05-25T22:54:41.777690
18	刘雨昕偷亲Never	37711		2020-05-25T22:54:41.777816
19	幸福触手可及	37134		2020-05-25T22:54:41.777941
20	把日落拍成了核爆炸	37072		2020-05-25T22:54:41.778065
21	台积电挪部分订单给华为	36129		2020-05-25T22:54:41.778189
22	李佳琦叫错虞书欣名字	36129	热	2020-05-25T22:54:41.778313
23	承包全球头等舱的男人	36064		2020-05-25T22:54:41.778469
24	澳大利亚实现最快网速	32449		2020-05-25T22:54:41.778593
25	RNG	32285		2020-05-25T22:54:41.778716
26	车库被淹近400台车受损	31909		2020-05-25T22:54:41.778841
27	李佳琦直播	31587		2020-05-25T22:54:41.778966
28	全国统一标准的老师	29380		2020-05-25T22:54:41.779091
29	特警挑战训练二哈做警犬	27193		2020-05-25T22:54:41.779213
30	消防员吵架被罚手牵手	23507		2020-05-25T22:54:41.779338
31	穿汉服站11楼顶边沿拍视频	23349		2020-05-25T22:54:41.779461
32	小红书崩了	23122		2020-05-25T22:54:41.779583
33	南京喜憨儿洗车中心实现自负盈亏	22006		2020-05-25T22:54:41.779708
34	在爸爸眼中我的颜值	21736		2020-05-25T22:54:41.779830
35	亚马逊总部开无家可归者收容所	21531		2020-05-25T22:54:41.779957
36	性子太急是什么体验	21034		2020-05-25T22:54:41.780100
37	餐馆里上网课的武汉男孩	20557		2020-05-25T22:54:41.780223
38	面部按摩减轻法令纹	18576		2020-05-25T22:54:41.780345
39	景区小伙扮雕塑15分钟不眨眼	17954		2020-05-25T22:54:41.780466
40	史上最作死的吉祥物	17531		2020-05-25T22:54:41.780577
41	狗牵着牛遛弯	17380		2020-05-25T22:54:41.780665
42	有个东北室友是怎样的体验	16760		2020-05-25T22:54:41.780751
43	女孩玩高空项目坠落多处骨折	16188		2020-05-25T22:54:41.780835
44	我和别人20岁的区别	15504		2020-05-25T22:54:41.780921
45	首艘伊朗油轮抵达委内瑞拉	14634		2020-05-25T22:54:41.781006
46	阿信	13598		2020-05-25T22:54:41.781090
47	中国每周增加1万多个5G基站	13021		2020-05-25T22:54:41.781175
48	李宇春青你2决赛	12602		2020-05-25T22:54:41.781265
49	郭碧婷	11871		2020-05-25T22:54:41.781358
50	赵立坚 美国没资格指手画脚	11426		2020-05-25T22:54:41.781453
