排名	关键词	热度	特征	时间
1	何洛洛为使用盗版软件道歉	3254916	热	2020-08-31T02:56:35.206670
2	王毅称挑战一中原则必将付出沉重代价	2293682	新	2020-08-31T02:56:35.206751
3	致敬时代英雄	2109357	荐	2020-08-31T02:56:35.206817
4	臧鸿飞 为什么搜不到简单点这首歌	2103656	热	2020-08-31T02:56:35.206879
5	贺梅离开原因	1795538		2020-08-31T02:56:35.206941
6	我很潮玩我很人类	1766183	荐	2020-08-31T02:56:35.206991
7	报北大考古女生谈到父母哽咽了	1743118	新	2020-08-31T02:56:35.207052
8	胡宇桐	1494482	沸	2020-08-31T02:56:35.207113
9	中国学生申请英国本科数量同比涨两成	1369996	新	2020-08-31T02:56:35.207174
10	9月新规	1061112	新	2020-08-31T02:56:35.207234
11	罗冠军	1035710	沸	2020-08-31T02:56:35.207294
12	开学	840730	新	2020-08-31T02:56:35.207355
13	成毅哭戏感染力	555310	新	2020-08-31T02:56:35.207414
14	武汉百万大学生返校	543607	新	2020-08-31T02:56:35.207474
15	全球新冠确诊病例超2485万	418942	新	2020-08-31T02:56:35.207534
16	以家人之名	403639		2020-08-31T02:56:35.207594
17	乐队的夏天复活名单	395413	新	2020-08-31T02:56:35.207642
18	任豪 漱口水喝成红酒	364769	新	2020-08-31T02:56:35.207702
19	唐灿贺子秋	344659		2020-08-31T02:56:35.207763
20	美国新冠肺炎近600万例	310035	新	2020-08-31T02:56:35.207811
21	喜欢留中分的姐妹要注意了	309489		2020-08-31T02:56:35.207872
22	胡宇桐小号发文	306709		2020-08-31T02:56:35.207920
23	如何优雅地背着被子去学校	304991		2020-08-31T02:56:35.207967
24	学生返校晒被子时水管爆裂	303107		2020-08-31T02:56:35.208035
25	交警抱摔醉酒猥亵女学生男子	247389		2020-08-31T02:56:35.208087
26	快船淘汰独行侠	217840	新	2020-08-31T02:56:35.208137
27	王艺瑾 甜	209971		2020-08-31T02:56:35.208198
28	谢嘉怡香港小姐冠军	207698		2020-08-31T02:56:35.208246
29	12岁少年直播赚钱养家	198531		2020-08-31T02:56:35.208294
30	襄汾饭店过寿老人下跪道歉	185838		2020-08-31T02:56:35.208343
31	心疼Rookie	165293		2020-08-31T02:56:35.208391
32	黑豹导演悼念博斯曼	165079	新	2020-08-31T02:56:35.208440
33	陈卓璇成了气氛组	165033		2020-08-31T02:56:35.208502
34	女童被风筝缠卷飞至半空	163565		2020-08-31T02:56:35.208550
35	最高法建立鉴定人黑名单制度	150877	新	2020-08-31T02:56:35.208598
36	璇玑得知司凤是妖	144036		2020-08-31T02:56:35.208659
37	香港小姐决赛	143990		2020-08-31T02:56:35.208708
38	学生回应宿舍长出辣椒	141873		2020-08-31T02:56:35.208757
39	当地残联回应150米盲道改成十八弯	133411		2020-08-31T02:56:35.208805
40	天天向上	132825		2020-08-31T02:56:35.208854
41	贺子秋 为什么每一次被抛弃的都是我	129209		2020-08-31T02:56:35.208903
42	杨紫编辑微博	127375		2020-08-31T02:56:35.208951
43	苏小落	122385		2020-08-31T02:56:35.208999
44	31省区市新增17例确诊均为境外输入	119010	新	2020-08-31T02:56:35.209047
45	凌霄帮贺子秋还钱	117813		2020-08-31T02:56:35.209109
46	情链	106722		2020-08-31T02:56:35.209157
47	Ning伤害3032	106059		2020-08-31T02:56:35.209207
48	电动牙刷的宿命	102118		2020-08-31T02:56:35.209255
49	iPhone12	98437	新	2020-08-31T02:56:35.209302
50	S7冒泡赛兮夜用卡萨丁淘汰iG	96478		2020-08-31T02:56:35.209363
