排名	关键词	热度	特征	时间
1	舒兰市委书记被免职	255656		2020-05-15T23:38:56.098653
2	宋仁宗替徽柔报仇	173263		2020-05-15T23:38:56.098764
3	520心动杏号	160224	荐	2020-05-15T23:38:56.098865
4	西双版纳五星级景点沙溢	153801		2020-05-15T23:38:56.098991
5	向往的生活	124202		2020-05-15T23:38:56.099087
6	女子滥服减肥药心脏大于常人3倍	94019		2020-05-15T23:38:56.099182
7	彭昱畅的自拍和他拍	83960		2020-05-15T23:38:56.099277
8	外交部回应特朗普声称切断中美关系	82494		2020-05-15T23:38:56.099368
9	李若彤腹肌	81600	沸	2020-05-15T23:38:56.099461
10	水族馆停业雇潜水员陪鱼玩	81362		2020-05-15T23:38:56.099578
11	小伙下单快递代买麻酱送来麻将	81352		2020-05-15T23:38:56.099671
12	清平乐	80796		2020-05-15T23:38:56.099763
13	最强大脑	80552		2020-05-15T23:38:56.099857
14	徽柔护着怀吉	80310		2020-05-15T23:38:56.099947
15	贝佐斯或成地球首位万亿富豪	79741		2020-05-15T23:38:56.100040
16	丰巢致歉并调整服务	79435		2020-05-15T23:38:56.100131
17	杨紫海边写真	79351		2020-05-15T23:38:56.100240
18	华为	70061		2020-05-15T23:38:56.100333
19	永远的君主	69835		2020-05-15T23:38:56.100424
20	2019年我国415万对夫妻离婚	55273		2020-05-15T23:38:56.100518
21	薇娅直播间	54581		2020-05-15T23:38:56.100608
22	肖战全球后援会公告	50120		2020-05-15T23:38:56.100705
23	高校封闭管理阿姨开临时理发店	49984		2020-05-15T23:38:56.100796
24	女子天门山翼装飞行时失踪	49340		2020-05-15T23:38:56.100887
25	闺蜜介绍的男朋友	44798		2020-05-15T23:38:56.100980
26	电动车被偷幼儿园园长硬核悬赏	37860		2020-05-15T23:38:56.101070
27	学生趴车头写作业车主撒谎离开	35830		2020-05-15T23:38:56.101161
28	赌城拉斯维加斯成为失业之都	31823		2020-05-15T23:38:56.101252
29	赵立坚如何形容挑拨者的把戏	31080		2020-05-15T23:38:56.101345
30	吴彦祖	30872		2020-05-15T23:38:56.101436
31	海獭摸脸	27929		2020-05-15T23:38:56.101526
32	兰州一小区快递柜超半小时就收费	26894		2020-05-15T23:38:56.101617
33	幸福触手可及片花	26787		2020-05-15T23:38:56.101708
34	国防部回应法国拟售台武器	26710		2020-05-15T23:38:56.101799
35	痛仰演唱会	26703		2020-05-15T23:38:56.101890
36	张文宏对话郭广昌	26695		2020-05-15T23:38:56.101983
37	獐子岛公布扇贝受灾六大原因	25798		2020-05-15T23:38:56.102074
38	说唱听我的制作人阵容	24716		2020-05-15T23:38:56.102165
39	乐高	23880		2020-05-15T23:38:56.102256
40	教育局回应中学老师网课宣传肖战	23852		2020-05-15T23:38:56.102347
41	炙热的我们先导片	22280		2020-05-15T23:38:56.102439
42	太原公交对全国抗疫医护免费3年	21405		2020-05-15T23:38:56.102530
43	贵州9岁被砍女童母亲发声	20352		2020-05-15T23:38:56.102622
44	网购翻车的经历	19967		2020-05-15T23:38:56.102712
45	长相守	17995		2020-05-15T23:38:56.102802
46	叶冲何樱牵手	16409		2020-05-15T23:38:56.102892
47	神农架20年难得一遇云瀑景观	15590		2020-05-15T23:38:56.102983
48	王晴	15211		2020-05-15T23:38:56.103075
49	杨祐宁当爸	12350		2020-05-15T23:38:56.103166
50	中信证券董事长张佑君被限制高消费	10942		2020-05-15T23:38:56.103256
