排名	关键词	热度	特征	时间
1	杨迪要暴打蔡徐坤	684148	沸	2020-06-05T20:54:39.655325
2	文旅部提醒切勿前往澳大利亚旅游	375787	沸	2020-06-05T20:54:39.655432
3	宁静 我一直是觉得我一线	363203	热	2020-06-05T20:54:39.655523
4	不愧是出过国超文集的男人	358409	沸	2020-06-05T20:54:39.655610
5	向往的生活	222689		2020-06-05T20:54:39.655696
6	宁静 人间真实	188861		2020-06-05T20:54:39.655764
7	淘宝 不改	184679	沸	2020-06-05T20:54:39.655831
8	美国突发夜间枪击事件7人死亡	162348		2020-06-05T20:54:39.655914
9	耿爽卸任外交部发言人	151754	沸	2020-06-05T20:54:39.655985
10	宋凛周放办公室拥吻	147777		2020-06-05T20:54:39.656082
11	奔跑吧	131959		2020-06-05T20:54:39.656150
12	易烊千玺湿发	122518		2020-06-05T20:54:39.656219
13	美股大涨	120537		2020-06-05T20:54:39.656286
14	美国四任前总统为弗洛伊德发声	119549		2020-06-05T20:54:39.656353
15	微信已支持改微信号	117979	热	2020-06-05T20:54:39.656420
16	华盛顿纪念碑被闪电击中	113914		2020-06-05T20:54:39.656504
17	永远的君主	112622		2020-06-05T20:54:39.656571
18	B站抗癌UP主出院回家	111521		2020-06-05T20:54:39.656638
19	鹿晗清唱慢慢	109694		2020-06-05T20:54:39.656704
20	驻港部队海上实弹射击训练	107540		2020-06-05T20:54:39.656770
21	炙热的我们	91668		2020-06-05T20:54:39.656837
22	渔民捕获罕见彩色龙虾	83538		2020-06-05T20:54:39.656903
23	李易峰直播	81399		2020-06-05T20:54:39.656969
24	华盛顿特区2名士兵遭雷击	76093		2020-06-05T20:54:39.657035
25	王者荣耀新英雄阿古朵	69717		2020-06-05T20:54:39.657102
26	曾可妮 孙芮	69713		2020-06-05T20:54:39.657168
27	救跳楼者被砸伤男子获捐45万元	64363		2020-06-05T20:54:39.657234
28	喻言小号	56817		2020-06-05T20:54:39.657301
29	降魔的2.0大结局	56470		2020-06-05T20:54:39.657366
30	最强大脑	50732		2020-06-05T20:54:39.657432
31	赵露思唱歌	49419		2020-06-05T20:54:39.657497
32	广州晚霞	47423		2020-06-05T20:54:39.657562
33	曾轶可线上演唱会	47288		2020-06-05T20:54:39.657626
34	美国75岁男子被警察推倒受重伤	43187		2020-06-05T20:54:39.657692
35	一月白头的抗疫专家邱海波回家了	43072		2020-06-05T20:54:39.657758
36	玄彬孙艺珍同框	42446		2020-06-05T20:54:39.657825
37	刘在石 男子艺能奖	40930		2020-06-05T20:54:39.657890
38	百想艺术大赏	40183		2020-06-05T20:54:39.657956
39	深圳晚霞	39480		2020-06-05T20:54:39.658021
40	假如怀孕时一直看可爱宝宝	38915		2020-06-05T20:54:39.658086
41	IU亮片长裙	31875		2020-06-05T20:54:39.658151
42	小学生数学考试偷偷查字典	30933		2020-06-05T20:54:39.658217
43	百想座位	30324		2020-06-05T20:54:39.658283
44	姜河那百想视帝	28526		2020-06-05T20:54:39.658347
45	教育部督办广西小学持刀伤人事件	28191		2020-06-05T20:54:39.658412
46	亚洲杯2023预选赛延期	27556		2020-06-05T20:54:39.658478
47	油泼乌冬面	27272		2020-06-05T20:54:39.658543
48	医生呼吁疫情后关注孩子视力	26850		2020-06-05T20:54:39.658609
49	周五给人的感觉	26209		2020-06-05T20:54:39.658674
50	湖北进京列车逐步恢复	21496		2020-06-05T20:54:39.658739
