排名	关键词	热度	特征	时间
1	俞灏明 原谅我当年的年少无知	4795671	沸	2020-05-20T17:41:54.645278
2	泰国文化部禁止拍摄吻戏	2312841		2020-05-20T17:41:54.645406
3	Z的异想世界	1573171	荐	2020-05-20T17:41:54.645507
4	周放相亲	1558075	新	2020-05-20T17:41:54.645626
5	法院驳回赖冠霖上诉申请	1371962	新	2020-05-20T17:41:54.645742
6	德克士周三炸鸡7块7	1009662	荐	2020-05-20T17:41:54.645854
7	秦清 五三	814576	新	2020-05-20T17:41:54.645967
8	武汉全面禁止食用野生动物	804202		2020-05-20T17:41:54.646078
9	建议赋予单身女性实施辅助生育技术权利	566970	沸	2020-05-20T17:41:54.646168
10	剑桥大学取消下一学年所有面对面讲座	452969		2020-05-20T17:41:54.646280
11	武汉网红窗帘主人领证	451741	热	2020-05-20T17:41:54.646370
12	绿地开除被举报高管	450064		2020-05-20T17:41:54.646479
13	不戴头盔处罚仅限于摩托车	447086		2020-05-20T17:41:54.646567
14	亚洲翼装飞行第一人谈极限运动	445284		2020-05-20T17:41:54.646655
15	阴阳师 鬼灭之刃	443979		2020-05-20T17:41:54.646745
16	北京21家房产中介被查处	441857		2020-05-20T17:41:54.646834
17	建议公费师范生不当老师记入诚信档案	438746		2020-05-20T17:41:54.646924
18	给女友转账520000元分手后追债	436225	热	2020-05-20T17:41:54.647012
19	罗永浩致歉	434310	热	2020-05-20T17:41:54.647123
20	周杰伦昆凌跳舞	432881		2020-05-20T17:41:54.647234
21	体育生邀请邻系女生合拍毕业照	430588	新	2020-05-20T17:41:54.647321
22	王思聪 四十岁啦还自称男孩	428881	热	2020-05-20T17:41:54.647431
23	李宇春和百对战疫新人大合唱	428561	热	2020-05-20T17:41:54.647541
24	被遗弃的孩子当了云爸爸	426747	新	2020-05-20T17:41:54.647650
25	婚姻登记处提示牌闹乌龙	424426		2020-05-20T17:41:54.647758
26	仪式感不分年龄	422586		2020-05-20T17:41:54.647846
27	小鬼专辑	366599	新	2020-05-20T17:41:54.647933
28	马保国被KO前提醒裁判注意安全	360532	新	2020-05-20T17:41:54.648043
29	第一次被告白的经历	310797	新	2020-05-20T17:41:54.648154
30	王俊凯唱夜空中最亮的星	295417		2020-05-20T17:41:54.648282
31	朋友圈秀恩爱大赏	271117		2020-05-20T17:41:54.648371
32	枯木逢春美甲	269478		2020-05-20T17:41:54.648459
33	李易峰银发封面	205193		2020-05-20T17:41:54.648548
34	冰火脆皮冰淇淋	202665		2020-05-20T17:41:54.648636
35	国防部连用6个任何回应台湾问题	199602		2020-05-20T17:41:54.648723
36	趁年轻早恋爱	199590		2020-05-20T17:41:54.648813
37	韩萌 施迤	193590		2020-05-20T17:41:54.648901
38	民政部要求整治天价彩礼低俗婚闹	185929		2020-05-20T17:41:54.648988
39	暴风集团被证监会立案调查	175461	新	2020-05-20T17:41:54.649076
40	喜欢你我也是	161137		2020-05-20T17:41:54.649185
41	美军F35A战机坠毁	151180		2020-05-20T17:41:54.649273
42	别去查看QQ空间日志	139655		2020-05-20T17:41:54.649361
43	全国在学研究生286.37万人	139293		2020-05-20T17:41:54.649450
44	月光美人礼裙	135603		2020-05-20T17:41:54.649537
45	真人版海贼王计划今年开拍	126505		2020-05-20T17:41:54.649623
46	公安部密切关注安全头盔涨价问题	109541		2020-05-20T17:41:54.649710
47	出门就是烤自己	95294	新	2020-05-20T17:41:54.649798
48	全国共有多少在校生	94404		2020-05-20T17:41:54.649906
49	520	40436		2020-05-20T17:41:54.649992
50	模范生的告白	37886	新	2020-05-20T17:41:54.650078
