排名	关键词	热度	特征	时间
1	秦昊唱小白船威胁导演组	152381	热	2020-08-02T22:37:55.261734
2	澳大利亚维多利亚州宣布进入灾难状态	125465		2020-08-02T22:37:55.261915
3	周寻拒绝姜小果	106257		2020-08-02T22:37:55.262041
4	许幻山时间管理大师	102068	沸	2020-08-02T22:37:55.262158
5	何同学600万粉丝ID合影	99431	沸	2020-08-02T22:37:55.262305
6	陈屿救钟晓芹	87214		2020-08-02T22:37:55.262450
7	11岁男孩112轮双字飞花令夺冠	70338		2020-08-02T22:37:55.262562
8	汉密尔顿爆胎夺冠	68412		2020-08-02T22:37:55.262675
9	美媒称蓬佩奥涉嫌公器私用	67415		2020-08-02T22:37:55.262786
10	唐嫣生的是女儿	67315	热	2020-08-02T22:37:55.262900
11	SNH48总决选中报排名	60860		2020-08-02T22:37:55.263041
12	江疏影漆皮过膝长靴	44197		2020-08-02T22:37:55.263154
13	极限挑战	43005		2020-08-02T22:37:55.263267
14	新加坡遇史上最严重登革热疫情	42756		2020-08-02T22:37:55.263377
15	动森烟花	42750		2020-08-02T22:37:55.263492
16	孙芮第一	42358		2020-08-02T22:37:55.263603
17	天天向上	42137		2020-08-02T22:37:55.263715
18	海南离岛免税购物一个月销售额超22亿	41766		2020-08-02T22:37:55.263829
19	百余个剧组陆续进驻横店影视基地	41742		2020-08-02T22:37:55.263942
20	小虎	41526		2020-08-02T22:37:55.264073
21	孙俪薇娅直播	41317		2020-08-02T22:37:55.264191
22	脑洞三十而已大结局	41084		2020-08-02T22:37:55.264305
23	北京冰雹	38700		2020-08-02T22:37:55.264417
24	印度旁遮普邦假酒案已致98人死亡	38658		2020-08-02T22:37:55.264528
25	咖啡可乐2021年在美国上架	37225		2020-08-02T22:37:55.264640
26	CBA	30999		2020-08-02T22:37:55.264754
27	各国旅游入境的样子	30554		2020-08-02T22:37:55.264865
28	大连卫计专干晕倒摔下台阶	29977		2020-08-02T22:37:55.264979
29	印度内政部长确诊新冠	29327		2020-08-02T22:37:55.265093
30	繁花官宣胡歌	28881		2020-08-02T22:37:55.265207
31	北京云中闪电	28829		2020-08-02T22:37:55.265319
32	三星电子关闭在华最后一家电脑厂	28576		2020-08-02T22:37:55.265432
33	破音	28040		2020-08-02T22:37:55.265544
34	澳大利亚墨尔本将实施宵禁	27944		2020-08-02T22:37:55.265655
35	三十而已	27875		2020-08-02T22:37:55.265767
36	吴磊听自己唱的rap笑到半夜	27600		2020-08-02T22:37:55.265878
37	中国火星车越野能力有多强	27411		2020-08-02T22:37:55.265991
38	张韶涵线上演唱会	25664		2020-08-02T22:37:55.266102
39	工地为考入清华暑期打工男生加薪	24320		2020-08-02T22:37:55.266214
40	RNG TES	23951		2020-08-02T22:37:55.266324
41	你是我的荣耀官宣	23811		2020-08-02T22:37:55.266436
42	北大回应留守女生报考考古专业	23465		2020-08-02T22:37:55.266547
43	樊锦诗给留守女生送去口述自传	23158		2020-08-02T22:37:55.266659
44	入戏太深是种什么体验	21843		2020-08-02T22:37:55.266773
45	腾讯视频年度发布会	21536		2020-08-02T22:37:55.266886
46	雪中悍刀行预告	20532		2020-08-02T22:37:55.266999
47	战斗机飞行员说过山车太不过瘾	20300		2020-08-02T22:37:55.267112
48	有翡破雪推云预告片	20062		2020-08-02T22:37:55.267223
49	青簪行预告是原声	19765		2020-08-02T22:37:55.267335
50	天问一号为什么要进行中途修正	18062		2020-08-02T22:37:55.267446
