排名	关键词	热度	特征	时间
1	邓超微博热评第一	273782	沸	2020-09-25T21:48:42.725671
2	希腊前财长也太了解中国了	202605		2020-09-25T21:48:42.725807
3	谢娜任珍探事务所所长	177574	荐	2020-09-25T21:48:42.725905
4	江阳遗言	163493	沸	2020-09-25T21:48:42.726027
5	这才是家长群该有的样子	143423	沸	2020-09-25T21:48:42.726145
6	赵薇 捍卫家庭的题材该out了	120691		2020-09-25T21:48:42.726256
7	六旬教授喝完秋天第一杯奶茶进了医院	92619		2020-09-25T21:48:42.726336
8	微信绑定银行卡可免输卡号	84343		2020-09-25T21:48:42.726428
9	云南勐海发现1例疑似腺鼠疫病例	80124		2020-09-25T21:48:42.726518
10	百花奖	76357		2020-09-25T21:48:42.726613
11	沉默的真相大结局	70798	沸	2020-09-25T21:48:42.726706
12	元气满满的哥哥	62986		2020-09-25T21:48:42.726818
13	杨丞琳发文告别黄鸿升	60865		2020-09-25T21:48:42.726911
14	东莞高新区在建工地火灾致3死	57201		2020-09-25T21:48:42.727002
15	我国已有4个新冠病毒疫苗进入三期试验	56637		2020-09-25T21:48:42.727094
16	尔冬升好严厉	55200		2020-09-25T21:48:42.727185
17	中餐厅	55109		2020-09-25T21:48:42.727277
18	马云19年前保密项目重启	54841	热	2020-09-25T21:48:42.727369
19	复旦大学推出十一仁月饼	54333		2020-09-25T21:48:42.727480
20	姜子牙	54001		2020-09-25T21:48:42.727571
21	王俊凯怼脸拍	53866		2020-09-25T21:48:42.727663
22	万妮达摸GALI胸肌	53599		2020-09-25T21:48:42.727754
23	风犬少年的天空	51240		2020-09-25T21:48:42.727847
24	大连警方通报无牌车与救护车对峙	49125		2020-09-25T21:48:42.727936
25	张芝芝转岗	49055		2020-09-25T21:48:42.728038
26	王嘉尔全开麦	49033		2020-09-25T21:48:42.728131
27	26岁女生涉嫌集资诈骗1900万被公诉	48475		2020-09-25T21:48:42.728223
28	美国将对非移民签证逗留时间设限	48418		2020-09-25T21:48:42.728314
29	张雷争议判罚	48417		2020-09-25T21:48:42.728401
30	夺冠	48416		2020-09-25T21:48:42.728488
31	亲爱的自己	47772		2020-09-25T21:48:42.728574
32	朴宰范唱了想要成为rapstar吗	43835		2020-09-25T21:48:42.728663
33	中国好声音	43656		2020-09-25T21:48:42.728755
34	特朗普被侄女起诉	41393		2020-09-25T21:48:42.728830
35	巩俐演的郎平	40893		2020-09-25T21:48:42.728902
36	彭昱畅工具人	39469		2020-09-25T21:48:42.728996
37	餐厅服务员秒换桌布	38886		2020-09-25T21:48:42.729088
38	中国新说唱	38271		2020-09-25T21:48:42.729179
39	从3句话里面找到唯一的假话	35952		2020-09-25T21:48:42.729271
40	潘虹输了	35127		2020-09-25T21:48:42.729363
41	李思雨揍关小唐	32673		2020-09-25T21:48:42.729455
42	江西一中学全面禁用手机	31996		2020-09-25T21:48:42.729546
43	猫神回复寒夜	29543		2020-09-25T21:48:42.729637
44	被灵笼吓哭了	29294		2020-09-25T21:48:42.729729
45	白敬亭 我手里有货咱认识下	28940		2020-09-25T21:48:42.729820
46	盐城首次发现超千只小青脚鹬	26405		2020-09-25T21:48:42.729912
47	单依纯 ForeverYoung	26123		2020-09-25T21:48:42.730005
48	张常宁转球	24680		2020-09-25T21:48:42.730095
49	我国疫苗可能有比较长期的保护作用	23550		2020-09-25T21:48:42.730185
50	林教练	23298		2020-09-25T21:48:42.730276
