排名	关键词	热度	特征	时间
1	徐明朝给Yamy的一封信	226692	沸	2020-07-21T21:57:35.979313
2	央视记者手机拍摄以色列空袭叙利亚	222083	沸	2020-07-21T21:57:35.979447
3	华晨宇的有机新生活	220671	荐	2020-07-21T21:57:35.979562
4	三十而已	219975		2020-07-21T21:57:35.979673
5	迪士尼在逃公主出街	152720	沸	2020-07-21T21:57:35.979760
6	顾佳原生家庭	130574		2020-07-21T21:57:35.979867
7	三十而已台词	84029	沸	2020-07-21T21:57:35.979953
8	王漫妮 社畜缩影	82065		2020-07-21T21:57:35.980081
9	法国表态不会禁止华为在法投资5G	76268		2020-07-21T21:57:35.980180
10	梁爽为大宝打架	76187		2020-07-21T21:57:35.980277
11	曾毅微博评论	75908	热	2020-07-21T21:57:35.980371
12	陈屿性格	56274		2020-07-21T21:57:35.980489
13	金晨 我没有拿恋情炒作	46236	热	2020-07-21T21:57:35.980583
14	沙宝亮救人	46188	热	2020-07-21T21:57:35.980701
15	中国重组新冠疫苗二期临床试验结果	45599		2020-07-21T21:57:35.980818
16	浙大通报努某某留校察看事件	45035		2020-07-21T21:57:35.980912
17	罗艳发现妈妈做小三	44746	热	2020-07-21T21:57:35.981005
18	Yamy头像	44456	热	2020-07-21T21:57:35.981123
19	两公交司机马路中间占道递槟榔	43732		2020-07-21T21:57:35.981240
20	重启	43453		2020-07-21T21:57:35.981334
21	医生抱患者1分钟跑下4层楼送急救	43207		2020-07-21T21:57:35.981427
22	明星让人误会的虎狼之词	43092		2020-07-21T21:57:35.981518
23	肖枫房子塌了	42792		2020-07-21T21:57:35.981610
24	特朗普自夸疫情发布会收视率超高	38323		2020-07-21T21:57:35.981702
25	穿越火线戒网中心	36954		2020-07-21T21:57:35.981796
26	乘公共交通戴口罩旅行结束后及时弃用	33970		2020-07-21T21:57:35.981889
27	张嘉倪为Yamy发声	33359		2020-07-21T21:57:35.981983
28	权志龙露脸自拍	33100		2020-07-21T21:57:35.982075
29	基金	32080		2020-07-21T21:57:35.982167
30	你拍过最有漫画感的瞬间	32076		2020-07-21T21:57:35.982259
31	江西抗洪官兵收到山东姑娘跨省外卖	28649		2020-07-21T21:57:35.982351
32	郁可唯 飞鸟与鱼的距离	28632		2020-07-21T21:57:35.982443
33	吴镇宇直播	28505		2020-07-21T21:57:35.982534
34	抗洪一线官兵收到新衣了	27838		2020-07-21T21:57:35.982622
35	外交部回应英暂停与中国香港引渡条约	26377		2020-07-21T21:57:35.982708
36	抗洪一线的移动餐车	25774		2020-07-21T21:57:35.982792
37	横滨流星感染新冠	25748		2020-07-21T21:57:35.982876
38	秦昊东升旅行社导游	25526		2020-07-21T21:57:35.982959
39	小偷行窃后逃跑公交司机跳窗追回	24802		2020-07-21T21:57:35.983042
40	VG EDG	21672		2020-07-21T21:57:35.983124
41	班主任代替学生离异父母出席活动	21430		2020-07-21T21:57:35.983210
42	职场PUA	21243		2020-07-21T21:57:35.983295
43	全国十大最堵三甲医院	21169		2020-07-21T21:57:35.983378
44	吴尊友称未来出现疫情是一种常态	20895		2020-07-21T21:57:35.983460
45	北京允许举办500人以下体育赛事活动	20715		2020-07-21T21:57:35.983544
46	吐司盒螺蛳粉	20692		2020-07-21T21:57:35.983628
47	1小时开4张罚单民警被停职	20331		2020-07-21T21:57:35.983711
48	令人极度舒适的人设	19729		2020-07-21T21:57:35.983793
49	出门遛狗忘记带狗了	19230		2020-07-21T21:57:35.983877
50	王漫妮我拥有的只是个饮水泵	19014		2020-07-21T21:57:35.983960
