排名	关键词	热度	特征	时间
1	郑爽 只怕人情两面刀	2629815	热	2020-06-02T08:43:51.292276
2	希拉里批评特朗普滥用总统权力	1654101	新	2020-06-02T08:43:51.292399
3	碧蓝航线3周年	1485947	荐	2020-06-02T08:43:51.292505
4	Lisa被前经纪人骗钱	1449035	沸	2020-06-02T08:43:51.292608
5	血疫	1364609	沸	2020-06-02T08:43:51.292706
6	黑人大哥哽咽劝16岁少年	1226477	新	2020-06-02T08:43:51.292803
7	我国已发现660多种外来入侵物种	1042133		2020-06-02T08:43:51.292899
8	韩烁黑化	897128	沸	2020-06-02T08:43:51.292981
9	川航3U8633备降事件调查报告公布	802110	新	2020-06-02T08:43:51.293082
10	带全家从美来京确诊女子被批捕	700971		2020-06-02T08:43:51.293187
11	YG回应Lisa被前经纪人骗钱	687299		2020-06-02T08:43:51.293275
12	美国政客称抗议都是俄罗斯设计的	494327		2020-06-02T08:43:51.293361
13	美国用军用直升机驱散抗议群众	440014	新	2020-06-02T08:43:51.293447
14	刚果暴发第11轮埃博拉疫情	419225		2020-06-02T08:43:51.293554
15	丁禹兮演技	404486		2020-06-02T08:43:51.293639
16	洛杉矶示威者保护科比父女壁画	367737		2020-06-02T08:43:51.293723
17	贾乃亮李小璐陪甜馨玩耍	365529	热	2020-06-02T08:43:51.293807
18	B站已向有关部门报备卖惨UP主	363832		2020-06-02T08:43:51.293914
19	女生回校拍一个人的毕业照	362276	新	2020-06-02T08:43:51.293997
20	女子上海火车站抢2岁女童获刑一年半	358203	新	2020-06-02T08:43:51.294103
21	新疆阿勒泰百万牲畜大转场	357495	新	2020-06-02T08:43:51.294209
22	微信辟谣监听用户聊天记录	353657	新	2020-06-02T08:43:51.294314
23	当别人夸你长得高时	350990	新	2020-06-02T08:43:51.294419
24	利物浦全队单膝下跪	349625		2020-06-02T08:43:51.294526
25	钟美美回应下架模仿老师视频	348565		2020-06-02T08:43:51.294610
26	上官婉儿天狼绘梦者	318508		2020-06-02T08:43:51.294694
27	弗洛伊德弟弟喊话示威者	297568		2020-06-02T08:43:51.294778
28	618列车	279779		2020-06-02T08:43:51.294861
29	武汉中心医院医生胡卫锋逝世	255738		2020-06-02T08:43:51.294945
30	梅威瑟将支付受害黑人葬礼费用	225780		2020-06-02T08:43:51.295028
31	KBS回应女洗手间偷拍事件	223677		2020-06-02T08:43:51.295113
32	延安教育局协查仝卓事件	221530		2020-06-02T08:43:51.295197
33	魔幻2020	220733		2020-06-02T08:43:51.295281
34	特朗普要求动用压倒性执法力量	211756		2020-06-02T08:43:51.295364
35	纽约市长回应女儿参加抗议被捕	206750		2020-06-02T08:43:51.295449
36	蔡莉	198202		2020-06-02T08:43:51.295533
37	热心邻居蜘蛛侠	169673		2020-06-02T08:43:51.295616
38	塞尔维亚向3名中国赴塞抗疫专家授勋	169445		2020-06-02T08:43:51.295698
39	移动用户月人均上网时长达144小时	169101		2020-06-02T08:43:51.295784
40	提交离婚诉讼书遭丈夫暴打	165230		2020-06-02T08:43:51.295868
41	LPL夏季赛赛程	155087		2020-06-02T08:43:51.295951
42	布达拉宫限流开放	144760	新	2020-06-02T08:43:51.296045
43	十余名记者在工作中遭到美国警察袭击	132316		2020-06-02T08:43:51.296151
44	比特币	130214		2020-06-02T08:43:51.296235
45	独立尸检显示非洲裔男子为窒息致死	121108		2020-06-02T08:43:51.296318
46	游戏中让你心动的角色	118216		2020-06-02T08:43:51.296402
47	纽约帝国大厦熄灯	118032	新	2020-06-02T08:43:51.296485
48	化工专业用元素周期表制作毕业照	117989		2020-06-02T08:43:51.296590
49	日本开始大规模抗体检测	115383		2020-06-02T08:43:51.296673
50	世卫组织回应美国宣布终止关系	115078		2020-06-02T08:43:51.296756
