排名	关键词	热度	特征	时间
1	林有有恶心	277731	沸	2020-07-30T23:33:59.124395
2	特朗普建议推迟2020大选	200282		2020-07-30T23:33:59.124502
3	杨幂找米奇	188465	荐	2020-07-30T23:33:59.124577
4	陈旭内涵许幻山	188223		2020-07-30T23:33:59.124666
5	玄彬宋慧乔	180496	沸	2020-07-30T23:33:59.124736
6	许幻山山渣	132542	沸	2020-07-30T23:33:59.124821
7	秦昊妈妈劝伊能静谨言慎行	117755	热	2020-07-30T23:33:59.124907
8	张杰给王漫妮唱他不懂	104120		2020-07-30T23:33:59.124992
9	李登辉病亡	94678	沸	2020-07-30T23:33:59.125061
10	黄鸿发被执行死刑	91313		2020-07-30T23:33:59.125145
11	顾佳什么时候离婚	90958		2020-07-30T23:33:59.125213
12	王漫妮告别顾佳钟晓芹	79689		2020-07-30T23:33:59.125280
13	刘在石的ending好辛苦	74729		2020-07-30T23:33:59.125347
14	钟晓芹陈屿分家	74379		2020-07-30T23:33:59.125414
15	美国二季度GDP暴跌32.9%	74361		2020-07-30T23:33:59.125481
16	三十而已小头像	74350		2020-07-30T23:33:59.125548
17	赵继伟	74344		2020-07-30T23:33:59.125615
18	王漫妮精致穷仿妆	68364		2020-07-30T23:33:59.125682
19	这个蛋糕有点潦草了	66030		2020-07-30T23:33:59.125748
20	深圳卫健委发布人体健康经	61605		2020-07-30T23:33:59.125815
21	重启	61493		2020-07-30T23:33:59.125880
22	教养好的男生有多加分	61155		2020-07-30T23:33:59.125947
23	TFBOYS摄影师回应	54924		2020-07-30T23:33:59.126012
24	狱警分享如何让孩子免于性侵	52702		2020-07-30T23:33:59.126078
25	抖音回应被判侵害用户信息	51868		2020-07-30T23:33:59.126145
26	考科目二时有多紧张	46761		2020-07-30T23:33:59.126212
27	吉野家将关闭含中国市场内150家门店	46644		2020-07-30T23:33:59.126278
28	小猫咪的侧颜杀	46498		2020-07-30T23:33:59.126344
29	德云男团合体直播	44907		2020-07-30T23:33:59.126411
30	黄之锋等12人参选立法会提名无效	44493		2020-07-30T23:33:59.126478
31	睡觉时被强制开机	44332		2020-07-30T23:33:59.126544
32	美股	40416		2020-07-30T23:33:59.126611
33	哈尔的移动城堡	38568		2020-07-30T23:33:59.126676
34	生气鸭变回唐老鸭	35511		2020-07-30T23:33:59.126742
35	薇娅杨超越直播	35115		2020-07-30T23:33:59.126809
36	虞书欣学生时期旧照	34981		2020-07-30T23:33:59.126875
37	于正编辑记录	34530		2020-07-30T23:33:59.126941
38	离人心上	33946		2020-07-30T23:33:59.127007
39	张杰线上演唱会	33618		2020-07-30T23:33:59.127073
40	杨紫造型师	32555		2020-07-30T23:33:59.127139
41	当宠物看到特效	32554		2020-07-30T23:33:59.127205
42	Somi舞台	32109		2020-07-30T23:33:59.127270
43	三星堆出土的陶猪撞脸了	32006		2020-07-30T23:33:59.127336
44	王者荣耀新英雄阿古朵	31130		2020-07-30T23:33:59.127403
45	海底捞检出大肠菌群门店已营业	30526		2020-07-30T23:33:59.127469
46	减脂番茄无米烩饭	29638		2020-07-30T23:33:59.127536
47	西卡道歉	29551		2020-07-30T23:33:59.127602
48	天舞纪大结局	27226		2020-07-30T23:33:59.127667
49	张月	27220		2020-07-30T23:33:59.127732
50	三十而已	26844		2020-07-30T23:33:59.127798
