排名	关键词	热度	特征	时间
1	首尔市长遗体被找到	629996	沸	2020-07-09T23:42:50.789500
2	万达确诊女子流调报告60页仍未写完	365032	热	2020-07-09T23:42:50.789643
3	李子柒番茄红了	210094	沸	2020-07-09T23:42:50.789760
4	易烊千玺ins	197683	沸	2020-07-09T23:42:50.789871
5	容婳怀孕	164209		2020-07-09T23:42:50.789981
6	年轻特权 放手一搏	158062	荐	2020-07-09T23:42:50.790069
7	哈萨克斯坦出现不明原因肺炎	120301	沸	2020-07-09T23:42:50.790176
8	李佳琦直播相机没电	110598	热	2020-07-09T23:42:50.790286
9	女孩高考完哭着说假期规划是减肥	106094		2020-07-09T23:42:50.790395
10	江苏今年唯一一名盲人大学生考研成功	97186		2020-07-09T23:42:50.790482
11	七蒂睡莲	95371		2020-07-09T23:42:50.790568
12	央行辟谣转账超10万将被严查	87756		2020-07-09T23:42:50.790654
13	孙俪长发造型	82147	热	2020-07-09T23:42:50.790742
14	美最高法院裁定特朗普须提交纳税记录	80267		2020-07-09T23:42:50.790851
15	公共场合过生日有多尴尬	67163		2020-07-09T23:42:50.790938
16	爱奇艺大剧片单	66749		2020-07-09T23:42:50.791025
17	河南专升本	65357	新	2020-07-09T23:42:50.791112
18	微博管理员	64464		2020-07-09T23:42:50.791220
19	原来梦境是可以控制的	62268		2020-07-09T23:42:50.791305
20	员工因业绩差被罚吃辣条进医院	61811		2020-07-09T23:42:50.791390
21	索尼中国	60656		2020-07-09T23:42:50.791476
22	蔡明 菜菜子	60581		2020-07-09T23:42:50.791562
23	香港单日新增确诊42例	52621		2020-07-09T23:42:50.791647
24	银行小伙卖假理财骗5000万元炒股	49461		2020-07-09T23:42:50.791731
25	锦绣南歌	46984		2020-07-09T23:42:50.791816
26	医院通报医生向患者发不雅信息	46961		2020-07-09T23:42:50.791901
27	孟美岐微博改名	46883		2020-07-09T23:42:50.791987
28	重启之极海听雷	46727		2020-07-09T23:42:50.792087
29	贵州一隔离点4名缅甸籍人员撬窗外逃	45780		2020-07-09T23:42:50.792173
30	上千只燕子电线上排成五线谱	44101		2020-07-09T23:42:50.792259
31	周迅加盟乐队的夏天2	42032		2020-07-09T23:42:50.792346
32	买两套公寓只有一扇门	41349		2020-07-09T23:42:50.792430
33	蹭痒蹭出钢管舞的熊	40789		2020-07-09T23:42:50.792515
34	93岁奶奶免费为考生送银耳汤	39568		2020-07-09T23:42:50.792600
35	听到北京防疫CNN主播的表情	39497		2020-07-09T23:42:50.792686
36	喝酒被爸妈撞见是什么体验	39484		2020-07-09T23:42:50.792771
37	暮白首	39232		2020-07-09T23:42:50.792856
38	用一张图形容密室大逃脱	37269		2020-07-09T23:42:50.792941
39	小男孩撑伞在路上蹦跳	37241		2020-07-09T23:42:50.793024
40	北京高考化学	35399		2020-07-09T23:42:50.793108
41	战毒	34777		2020-07-09T23:42:50.793192
42	THE9团综	32366		2020-07-09T23:42:50.793276
43	佳能发布会	31139		2020-07-09T23:42:50.793360
44	哈哈哈哈哈嘉宾	30848		2020-07-09T23:42:50.793444
45	青春有你3选男团	30523		2020-07-09T23:42:50.793527
46	风起洛阳	29712		2020-07-09T23:42:50.793610
47	交警对着高考大巴比心	29642		2020-07-09T23:42:50.793695
48	消防员洪水中接力护送7个月婴儿	29341		2020-07-09T23:42:50.793779
49	安徽歙县考生走出考场鞠躬致谢	28385		2020-07-09T23:42:50.793863
50	光遇	28130		2020-07-09T23:42:50.793946
