排名	关键词	热度	特征	时间
1	3人伪造老干妈印章与腾讯签合同	2650055	沸	2020-07-01T11:49:44.756515
2	香港警察新增紫色警告旗	2192018		2020-07-01T11:49:44.756699
3	安卓手机新功能对标苹果AirDrop	2122494		2020-07-01T11:49:44.756824
4	腾讯中午的辣椒酱突然不香了	2103781	沸	2020-07-01T11:49:44.756952
5	绫濑遥 鲁敏宇	1326584		2020-07-01T11:49:44.757118
6	北京一确诊病例曾与多名朋友聚餐	1288966	新	2020-07-01T11:49:44.757249
7	爷爷替奶奶起床上早班	1023098	新	2020-07-01T11:49:44.757411
8	流星花园取景地起火	694032	新	2020-07-01T11:49:44.757571
9	律师称李子柒维权难度较大	684060	新	2020-07-01T11:49:44.757726
10	黄觉想改微博认证	623421	热	2020-07-01T11:49:44.757883
11	40年来最清晰UFO目击照实为恶作剧	599525	新	2020-07-01T11:49:44.758042
12	爱钱进APP被立案侦查	511712		2020-07-01T11:49:44.758201
13	越南博主抄袭李子柒	504207	热	2020-07-01T11:49:44.758326
14	仝卓 我会学习先做一个对的人	503345	热	2020-07-01T11:49:44.758483
15	烈儿宝贝刘语熙比嘴瓢	498585		2020-07-01T11:49:44.758642
16	张东升推父母下山拍摄花絮	495277	热	2020-07-01T11:49:44.758767
17	支付宝	487597	热	2020-07-01T11:49:44.758924
18	两男生吵架被老师罚牵手	487108	新	2020-07-01T11:49:44.759082
19	原以为开着语音睡觉很浪漫	477542	新	2020-07-01T11:49:44.759239
20	5年花10余万没考过科目一	476026	新	2020-07-01T11:49:44.759397
21	走亲戚走出去办公室的感觉	470890	新	2020-07-01T11:49:44.759552
22	THE9成团首秀VLOG	460294		2020-07-01T11:49:44.759709
23	一中国公民在南非感染新冠去世	426652	新	2020-07-01T11:49:44.759834
24	进家长群前后的头像风格	412559	新	2020-07-01T11:49:44.759989
25	中方宣布对美反制措施	381661	新	2020-07-01T11:49:44.760166
26	高三班主任走廊摆课桌为学生辅导	378041	新	2020-07-01T11:49:44.760321
27	都江堰车辆坠河一失联者遗体已找到	369525	新	2020-07-01T11:49:44.760477
28	世界银行1000强	355922		2020-07-01T11:49:44.760633
29	ZICO新歌	351287	新	2020-07-01T11:49:44.760757
30	毛坦厂没有网吧	333998		2020-07-01T11:49:44.760912
31	短期内向北京运送物资司机不需隔离14天	288865	新	2020-07-01T11:49:44.761038
32	让人羡慕的神仙姐妹	268776		2020-07-01T11:49:44.761193
33	西藏军区开通微博	263830		2020-07-01T11:49:44.761316
34	美将华为中兴列为国家安全威胁	263719		2020-07-01T11:49:44.761440
35	武汉正式实施长江汉江十年禁捕	263680	新	2020-07-01T11:49:44.761559
36	喜欢你我也是	259822		2020-07-01T11:49:44.761704
37	多地大额存取款要登记	248856	新	2020-07-01T11:49:44.761819
38	马明哲辞任中国平安CEO	231507	新	2020-07-01T11:49:44.761961
39	为何核酸和抗体阴性后还被确诊	212514	新	2020-07-01T11:49:44.762103
40	大学送毕业生蓝田玉印章	196446		2020-07-01T11:49:44.762250
41	马斯克身家超马云	191137		2020-07-01T11:49:44.762372
42	为什么核酸检测有效期定为7天	190613	新	2020-07-01T11:49:44.762496
43	海南离岛购物攻略	189747	新	2020-07-01T11:49:44.762652
44	妈妈跟孩子说她有点累	188641	新	2020-07-01T11:49:44.762807
45	DMO iG	188600	新	2020-07-01T11:49:44.762962
46	北京浙江裁判报告	187517	新	2020-07-01T11:49:44.763117
47	吴京等成为奥斯卡评委	186937		2020-07-01T11:49:44.763272
48	Tati	178764		2020-07-01T11:49:44.763394
49	3D打印植物牛排	134371	新	2020-07-01T11:49:44.763517
50	只要美方出手中国必定予以反制	130853		2020-07-01T11:49:44.763672
