排名	关键词	热度	特征	时间
1	杨迪妈妈把沈腾认成王一博	3044206	热	2020-09-25T11:37:53.827668
2	这周末只休一天	1842628	新	2020-09-25T11:37:53.827800
3	这么贵的车谁买	1457491	荐	2020-09-25T11:37:53.827911
4	东莞华为研发实验室起火	1414697	新	2020-09-25T11:37:53.828039
5	浙江将修改大学生安全知识读本	1097686	新	2020-09-25T11:37:53.828135
6	2020最强战队争夺战开打	1093668	荐	2020-09-25T11:37:53.828223
7	郭麒麟问虞书欣怎么总卖萌	1076534	热	2020-09-25T11:37:53.828311
8	郑秀妍书中感谢男友权宁一	1035845		2020-09-25T11:37:53.828398
9	家庭烧烤时爬来50多只大螃蟹	851505		2020-09-25T11:37:53.828466
10	特朗普被侄女起诉	803458		2020-09-25T11:37:53.828534
11	国航客机一乘客自杀身亡	798812	沸	2020-09-25T11:37:53.828603
12	男子地铁站内晕倒抢救无效离世	776641	新	2020-09-25T11:37:53.828689
13	林更新在线收赵又廷丑照	692937		2020-09-25T11:37:53.828776
14	最甜的话是猪	576664		2020-09-25T11:37:53.828844
15	外交部回应蔡英文争取视频参会APEC	477308		2020-09-25T11:37:53.828913
16	一架飞机在塞尔维亚坠毁	464173	新	2020-09-25T11:37:53.828980
17	我国疫苗可能有比较长期的保护作用	428925		2020-09-25T11:37:53.829065
18	王一博天台大片	425385	新	2020-09-25T11:37:53.829133
19	驾校3万学员被坑近2亿元	407655	新	2020-09-25T11:37:53.829218
20	iOS14.0.1	390426		2020-09-25T11:37:53.829314
21	娜扎是单眼皮还是双眼皮	389556	热	2020-09-25T11:37:53.829380
22	河豚生气时一下一下充气	387028		2020-09-25T11:37:53.829463
23	小学生不做作业晚上被爸爸丢坟地	383924		2020-09-25T11:37:53.829528
24	被风筝线割脖索赔5万遭拒	379806		2020-09-25T11:37:53.829592
25	公交游中国小伙抵达南京	358990	新	2020-09-25T11:37:53.829657
26	包饺子太可爱了	357645		2020-09-25T11:37:53.829741
27	赵露思 怎么又是你	356633		2020-09-25T11:37:53.829806
28	敦煌陷阱公厕4人涉强迫交易被刑拘	354941		2020-09-25T11:37:53.829872
29	天安门向大兴机场赠送国旗	353498		2020-09-25T11:37:53.829938
30	湖北省考成绩	352384	新	2020-09-25T11:37:53.830002
31	长泽雅美 那张脸我不行的	352382	新	2020-09-25T11:37:53.830085
32	蒋劲夫身材	352365		2020-09-25T11:37:53.830172
33	怎样才能把水烧到190度	285684		2020-09-25T11:37:53.830250
34	百花奖提名者表彰大会	263998		2020-09-25T11:37:53.830328
35	特朗普瞻仰金斯伯格遗体	257562		2020-09-25T11:37:53.830406
36	刘亦菲 臭美的台前幕后	257512		2020-09-25T11:37:53.830484
37	袁冰妍芭莎大片	256283		2020-09-25T11:37:53.830561
38	S10入围赛	254853	新	2020-09-25T11:37:53.830640
39	双星伴月	245771		2020-09-25T11:37:53.830741
40	女性独居要注意的问题	242554		2020-09-25T11:37:53.830820
41	黄鸿升遗体今日火化	239975		2020-09-25T11:37:53.830899
42	幼儿园保安黑板手写放假通知	220033	新	2020-09-25T11:37:53.830979
43	见过最会偷吃的狗狗	212560	新	2020-09-25T11:37:53.831076
44	新冠疫苗中国定价会在大众接受范围内	209622	新	2020-09-25T11:37:53.831173
45	撒娇是察觉到了被偏爱的可能	208685		2020-09-25T11:37:53.831271
46	演员田某被批捕	208490	新	2020-09-25T11:37:53.831351
47	江苏多所高校解封	206255	新	2020-09-25T11:37:53.831450
48	秋天的第一杯奶茶	205726		2020-09-25T11:37:53.831549
49	东京奥运会各代表团升旗仪式被取消	203565		2020-09-25T11:37:53.831628
50	迪丽热巴野生眉	203520		2020-09-25T11:37:53.831707
