排名	关键词	热度	特征	时间
1	应采儿晒Jasper作业	2795346	热	2020-05-03T16:43:52.945341
2	英国首相称医生曾为他制定死亡预案	2042463		2020-05-03T16:43:52.945515
3	黄子韬 能行就行不行就走	2034700	新	2020-05-03T16:43:52.945643
4	魏大勋rap	1887331		2020-05-03T16:43:52.945791
5	鞠婧祎好甜	1558919	新	2020-05-03T16:43:52.945909
6	张艺凡不敢举手挑战	1381805	新	2020-05-03T16:43:52.946051
7	撤回是你爸爸最后的温柔	1337972	热	2020-05-03T16:43:52.946194
8	黑人抬棺老哥称疫情结束后会涨价	1291261		2020-05-03T16:43:52.946335
9	耗时4年在巨木上刻出清明上河图	1253654	新	2020-05-03T16:43:52.946446
10	王一博撑伞	1253301	新	2020-05-03T16:43:52.946586
11	谢安然接梗	1163338	新	2020-05-03T16:43:52.946726
12	姜贞羽好美	877938		2020-05-03T16:43:52.946864
13	把溶豆烤成了五子棋	846058		2020-05-03T16:43:52.946975
14	母女穿汉服打卡黄鹤楼	830526		2020-05-03T16:43:52.947086
15	吴亦凡创3路透	823553		2020-05-03T16:43:52.947197
16	仝卓发型	809048	新	2020-05-03T16:43:52.947307
17	哈尔滨下雪	794244	新	2020-05-03T16:43:52.947447
18	湖南卫视五四晚会	708436		2020-05-03T16:43:52.947584
19	双向暗恋的细节表现	567128	新	2020-05-03T16:43:52.947709
20	妈妈第一次去海洋馆	529950	新	2020-05-03T16:43:52.947867
21	宋茜空气感黑纱裙	499109		2020-05-03T16:43:52.948024
22	郑州40.8度追平当地5月高温纪录	484658		2020-05-03T16:43:52.948149
23	彭于晏头发	412218	热	2020-05-03T16:43:52.948297
24	趵突泉遭遇停喷危机	397552		2020-05-03T16:43:52.948460
25	八旬老人十年间为亡妻种下牡丹花海	397152	新	2020-05-03T16:43:52.948585
26	你虚报身高最狠的一次	391902	新	2020-05-03T16:43:52.948738
27	姚慧打败希林娜依高	368026	新	2020-05-03T16:43:52.948893
28	许凯程潇动态封面	367579		2020-05-03T16:43:52.949048
29	纽约州长称贸然解封是不顾人命	367543		2020-05-03T16:43:52.949171
30	白宇尤长靖合唱	367533		2020-05-03T16:43:52.949297
31	猎狐	344695		2020-05-03T16:43:52.949420
32	刘些宁掉到板凳队	340985	新	2020-05-03T16:43:52.949543
33	大张伟 热血燃	336024		2020-05-03T16:43:52.949698
34	塞尔维亚总统再次与中国专家组碰肘	333398		2020-05-03T16:43:52.949821
35	我以为我很期待夏天	332935		2020-05-03T16:43:52.949947
36	周深关于青春	319805		2020-05-03T16:43:52.950070
37	欢乐喜剧人	316350		2020-05-03T16:43:52.950192
38	五毒舞台好绝	307090	新	2020-05-03T16:43:52.950314
39	被烧饼的节目看哭	298836	新	2020-05-03T16:43:52.950469
40	就算夏天也要盖厚被子	249840	新	2020-05-03T16:43:52.950624
41	新相亲大会	235588	新	2020-05-03T16:43:52.950776
42	美国得州警方直升机坠入公寓楼	216108		2020-05-03T16:43:52.950927
43	创造营2020	210062		2020-05-03T16:43:52.951050
44	火箭军小姐姐Vlog打卡军营夜市	195752		2020-05-03T16:43:52.951173
45	不要做家里第一个开空调的人	194321	新	2020-05-03T16:43:52.951296
46	高中和大学老师的区别	193802		2020-05-03T16:43:52.951448
47	司机被查耍赖抱树不走	151922	新	2020-05-03T16:43:52.951571
48	青梅口水排骨	131281		2020-05-03T16:43:52.951723
49	男女寝室手机打灯隔空云蹦迪	111655		2020-05-03T16:43:52.951846
50	16岁女孩登珠峰	111006		2020-05-03T16:43:52.951968
