排名	关键词	热度	特征	时间
1	TheShy道歉	473652	沸	2020-04-29T23:52:43.975023
2	安倍称经济形势比大萧条时期更严峻	226999		2020-04-29T23:52:43.975203
3	宋茜薇娅模仿王耀庆跳舞	182419		2020-04-29T23:52:43.975343
4	罗志祥 请不要再攻击我妈妈了	153968	沸	2020-04-29T23:52:43.975473
5	海南大学	141098		2020-04-29T23:52:43.975633
6	曹皇后向宋仁宗自请废后	123136		2020-04-29T23:52:43.975760
7	徽柔对怀吉说哥哥别走	70675		2020-04-29T23:52:43.975885
8	一周没去办公室茶台长出蘑菇	64030		2020-04-29T23:52:43.976008
9	5月纳税申报期限延长至5月22日	60489		2020-04-29T23:52:43.976130
10	故宫5月1日起开放参观	60421		2020-04-29T23:52:43.976272
11	郭涛	55159	热	2020-04-29T23:52:43.976401
12	首个国产宫颈癌疫苗正式上市	49608	热	2020-04-29T23:52:43.976555
13	星空芋泥奶茶	49604		2020-04-29T23:52:43.976709
14	Ning的盲僧	49391		2020-04-29T23:52:43.976833
15	朱智贤	49195		2020-04-29T23:52:43.976955
16	陈德容离婚	49131		2020-04-29T23:52:43.977075
17	耿爽一个反问澳大利亚记者沉默了	48938		2020-04-29T23:52:43.977197
18	全臭宴	48804		2020-04-29T23:52:43.977318
19	想要失忆重看的剧	48633		2020-04-29T23:52:43.977441
20	全美首例宠物狗感染新冠	48586		2020-04-29T23:52:43.977563
21	欧阳娜娜唱夏天的风	48356		2020-04-29T23:52:43.977684
22	你和别人吃饭被烫的区别	48297		2020-04-29T23:52:43.977806
23	瑞德西韦	43357		2020-04-29T23:52:43.977926
24	恋爱时最甜的瞬间	41941		2020-04-29T23:52:43.978047
25	腾冲边境毒贩撞车逃逸警方鸣枪	38821		2020-04-29T23:52:43.978167
26	不带穷字但一听就很穷的话	38392		2020-04-29T23:52:43.978289
27	美国大量啤酒被倒进下水道	34884		2020-04-29T23:52:43.978411
28	第一次坐飞机是什么感受	34530		2020-04-29T23:52:43.978532
29	阆中政法委书记李献丰被免职	34093		2020-04-29T23:52:43.978647
30	机场特警	33753		2020-04-29T23:52:43.978758
31	让男朋友一起拍照有多难	32018		2020-04-29T23:52:43.978866
32	心疼Rookie	27854		2020-04-29T23:52:43.978975
33	美国第一季度实际GDP下滑4.8%	26515		2020-04-29T23:52:43.979083
34	唐一军任司法部部长	26288		2020-04-29T23:52:43.979197
35	职校体育老师以成绩胁迫发生性关系	26179		2020-04-29T23:52:43.979319
36	全网最远异地恋挑战大赛	25875		2020-04-29T23:52:43.979440
37	有种不热叫老妈觉得你不热	22997		2020-04-29T23:52:43.979561
38	综艺里的智商担当	21225		2020-04-29T23:52:43.979683
39	折耳根味酸奶	21161		2020-04-29T23:52:43.979804
40	西安一小学开设透气课	20436		2020-04-29T23:52:43.979926
41	久负盛名的网红景点	19433		2020-04-29T23:52:43.980045
42	朱广权神总结开学心情	19242		2020-04-29T23:52:43.980160
43	育碧	19226		2020-04-29T23:52:43.980288
44	英国首相得子	18924		2020-04-29T23:52:43.980400
45	哈利波特手绘美甲	18172		2020-04-29T23:52:43.980509
46	GRF降级	17689		2020-04-29T23:52:43.980618
47	北京疫情防控级别降至二级	15295		2020-04-29T23:52:43.980701
48	全年票房损失将超300亿元	14434		2020-04-29T23:52:43.980783
49	低风险地区返京不再隔离14天	13437		2020-04-29T23:52:43.980865
50	罗渽民蓝发	11264		2020-04-29T23:52:43.980949
