排名	关键词	热度	特征	时间
1	郭涛道歉	1900366	沸	2020-05-01T01:42:52.540989
2	俄罗斯总理新冠病毒检测呈阳性	1309875		2020-05-01T01:42:52.541088
3	张若昀代言茶里王	1160363	荐	2020-05-01T01:42:52.541162
4	学生致电教育局五一不放假遭硬核反问	1010850	沸	2020-05-01T01:42:52.541243
5	五月	800409		2020-05-01T01:42:52.541323
6	CDC成都集团	571830	新	2020-05-01T01:42:52.541387
7	美国新冠肺炎确诊超106万例	564134	新	2020-05-01T01:42:52.541465
8	虞书欣镜头	548367		2020-05-01T01:42:52.541543
9	宋仁宗痛失爱子	529956		2020-05-01T01:42:52.541606
10	消防员出警慢被批评监控还原真相	447185		2020-05-01T01:42:52.541668
11	全国首只虎狮虎兽出生	384481		2020-05-01T01:42:52.541731
12	赵泛舟周筱结婚	362831		2020-05-01T01:42:52.541794
13	英国出现种菜养鸡潮	341156		2020-05-01T01:42:52.541856
14	塞尔维亚为中国医疗队授最高荣誉勋章	338659		2020-05-01T01:42:52.541917
15	汪苏泷上课好温柔	278434		2020-05-01T01:42:52.541979
16	广东一村发800万疫情补助金	270786		2020-05-01T01:42:52.542041
17	100家5A景区五一游玩策略	270785	新	2020-05-01T01:42:52.542103
18	巨型宝藏冰淇淋	261121	新	2020-05-01T01:42:52.542185
19	村民将200万现金埋地下5年	256722		2020-05-01T01:42:52.542274
20	毛不易拍的天空	250187		2020-05-01T01:42:52.542344
21	让人立刻丧失好感的行为	248789		2020-05-01T01:42:52.542414
22	约翰逊称英国已度过疫情高峰	240747	新	2020-05-01T01:42:52.542483
23	五一劳动节	240435	新	2020-05-01T01:42:52.542569
24	张艺兴整蛊GAI	229755		2020-05-01T01:42:52.542655
25	违反夜间外出禁令的猫	213160		2020-05-01T01:42:52.542723
26	张文宏回应两周把病毒闷死	212608		2020-05-01T01:42:52.542792
27	张若昀挥剑斩柳絮	206870		2020-05-01T01:42:52.542860
28	Lisa表扬孔雪儿	193422		2020-05-01T01:42:52.542924
29	错换人生河南母亲首见患癌儿子	166337		2020-05-01T01:42:52.542987
30	适合五月发朋友圈的文案	165287	新	2020-05-01T01:42:52.543047
31	青春有你剪辑	151494	新	2020-05-01T01:42:52.543125
32	安崎向赵小棠要抱抱	150202		2020-05-01T01:42:52.543202
33	徽柔抱着怀吉痛哭	142550		2020-05-01T01:42:52.543263
34	女孩为父买药刮蹭小车结局感人	139562		2020-05-01T01:42:52.543324
35	文旅部部长建议游客假期四不去	131914		2020-05-01T01:42:52.543384
36	石家庄高速口堵车长达两三公里	131253		2020-05-01T01:42:52.543446
37	今年劳动节统一的假期计划	131126	新	2020-05-01T01:42:52.543505
38	刺客信条英灵殿预告	131006	新	2020-05-01T01:42:52.543585
39	地球上第五大月球陨石将拍卖	130852	新	2020-05-01T01:42:52.543670
40	看医生时会紧张到什么程度	130674	新	2020-05-01T01:42:52.543755
41	你见过最疯狂的追星行为	130524	新	2020-05-01T01:42:52.543840
42	泪点低是怎样的感受	130279	新	2020-05-01T01:42:52.543924
43	约翰逊复工后首次主持记者会	130122	新	2020-05-01T01:42:52.544008
44	意大利自行车手免费送外卖	130015	新	2020-05-01T01:42:52.544092
45	QG赢了	128528	新	2020-05-01T01:42:52.544185
46	我是唱作人	127979	新	2020-05-01T01:42:52.544275
47	陈粒 自然环境	125345	新	2020-05-01T01:42:52.544359
48	证监会试点红筹企业在境内上市	123216	新	2020-05-01T01:42:52.544443
49	塞尔维亚为获勋医疗队奏响中国国歌	120586	新	2020-05-01T01:42:52.544527
50	内蒙古农民修路发现辽代壁画墓	119099		2020-05-01T01:42:52.544611
