排名	关键词	热度	特征	时间
1	何炅 我没有资格点评表演	4476971	沸	2020-05-27T06:42:52.889238
2	建议高铁票改签允许两次	1582178	新	2020-05-27T06:42:52.889470
3	种草直播招募	1524686	荐	2020-05-27T06:42:52.889662
4	何猷君悼念何鸿燊	1498856	热	2020-05-27T06:42:52.889820
5	诺兰新片炸了真飞机	1317985	新	2020-05-27T06:42:52.889971
6	陶勇医生呼吁一起努力打击伤医行为	1101365	新	2020-05-27T06:42:52.890122
7	特朗普推文被推特标记为事实有误信息	923142		2020-05-27T06:42:52.890275
8	唐家三少谈中国网络文学海外走红	837861		2020-05-27T06:42:52.890410
9	为什么非要人力给珠峰测身高	799420		2020-05-27T06:42:52.890544
10	孟晚舟	763534	热	2020-05-27T06:42:52.890674
11	珠峰高程测量登山队成功登顶	714188	新	2020-05-27T06:42:52.890820
12	相撞瞬间骑车男子被三轮车带走	712651		2020-05-27T06:42:52.890972
13	特朗普已停用羟氯喹	692937		2020-05-27T06:42:52.891103
14	建议加强保护母语	674838		2020-05-27T06:42:52.891228
15	京阿尼纵火案嫌疑人被逮捕	656945	新	2020-05-27T06:42:52.891353
16	湖北新增无症状感染者22例	624316		2020-05-27T06:42:52.891506
17	211毕业的快递小哥获职称认定	608108		2020-05-27T06:42:52.891635
18	建议将游泳纳入义教必修课	600258	新	2020-05-27T06:42:52.891763
19	B站市值超过爱奇艺	584158		2020-05-27T06:42:52.891913
20	奶味最浓最好喝的牛奶	568573		2020-05-27T06:42:52.892061
21	影视剧中嗑过的互掐CP	529045	新	2020-05-27T06:42:52.892196
22	广州房东有多低调	431207		2020-05-27T06:42:52.892347
23	粉嫩樱花珍珠奶茶	392440	新	2020-05-27T06:42:52.892473
24	镜双城路透	352559		2020-05-27T06:42:52.892619
25	LOL季中杯大名单	344438	新	2020-05-27T06:42:52.892740
26	320斤小伙独守训练营减150斤	334231		2020-05-27T06:42:52.892883
27	连花清瘟临床数据披露	286535		2020-05-27T06:42:52.893008
28	在男朋友的鞋子上绣花	272184		2020-05-27T06:42:52.893133
29	飞行员第一视角低空穿越山谷	238188		2020-05-27T06:42:52.893257
30	阴阳师	230277		2020-05-27T06:42:52.893384
31	小朋友模仿老师接电话	227205		2020-05-27T06:42:52.893506
32	陈芊芊人设	215362		2020-05-27T06:42:52.893631
33	6月所有托福雅思GRE取消	212156	新	2020-05-27T06:42:52.893752
34	珠峰测量为什么不能用无人机	201909	新	2020-05-27T06:42:52.893899
35	丁禹兮好帅	200181		2020-05-27T06:42:52.894050
36	陈晓眼神	185395		2020-05-27T06:42:52.894173
37	葫芦娃邮票六一发行	160405		2020-05-27T06:42:52.894293
38	代表委员呼吁共同治理饭圈乱象	158301		2020-05-27T06:42:52.894416
39	全国人大常委会立法工作	157792	新	2020-05-27T06:42:52.894544
40	5000亿资产是什么水平	157672		2020-05-27T06:42:52.894695
41	背过最难背的诗	153070		2020-05-27T06:42:52.894819
42	美国新冠病毒感染病例超167万	152699		2020-05-27T06:42:52.894940
43	暴雪嘉年华取消	149332		2020-05-27T06:42:52.895067
44	何炅因欧阳娜娜演技被黑气愤	148783		2020-05-27T06:42:52.895192
45	心疼周放	134140		2020-05-27T06:42:52.895318
46	牡丹江新增5例无症状感染者	124690		2020-05-27T06:42:52.895439
47	上海36位代表联名建议推广分餐制	118125		2020-05-27T06:42:52.895566
48	澳门中联办对何鸿燊辞世表示哀悼	118060		2020-05-27T06:42:52.895696
49	何氏家族悼文	86913		2020-05-27T06:42:52.895826
50	何鸿燊去世	74576		2020-05-27T06:42:52.895951
