排名	关键词	热度	特征	时间
1	陈卓璇好敢说	375086	沸	2020-05-24T20:55:39.544654
2	山东一别墅10年无人认领	331756		2020-05-24T20:55:39.544832
3	传奇经典小棕瓶	328480	荐	2020-05-24T20:55:39.544960
4	王思聪要告营销号	327856	沸	2020-05-24T20:55:39.545110
5	李现寸头	278617	沸	2020-05-24T20:55:39.545254
6	张艺凡 我赢来的荣誉谁都不要碰	196094		2020-05-24T20:55:39.545396
7	创造营排名	160345	沸	2020-05-24T20:55:39.545510
8	香港警方拘捕至少120名涉非法集结暴徒	111734		2020-05-24T20:55:39.545652
9	青你最终舞台考核分组	97393		2020-05-24T20:55:39.545768
10	孟晚舟	96867	热	2020-05-24T20:55:39.545881
11	极限挑战	92921		2020-05-24T20:55:39.546024
12	刘雨昕哄虞书欣	91115		2020-05-24T20:55:39.546135
13	中国外交官说哪里有狼哪里就要主动应战	81299		2020-05-24T20:55:39.546246
14	吃汉堡最正确的姿势	78939		2020-05-24T20:55:39.546359
15	王毅最平静的语气说最硬气的话	78907		2020-05-24T20:55:39.546473
16	吴谦就美国售台武器发表谈话	78865		2020-05-24T20:55:39.546589
17	杨丞琳潘玮柏蔡依林同框	78795		2020-05-24T20:55:39.546701
18	香港	78740		2020-05-24T20:55:39.546812
19	美国多地爆发理发抗议	78689		2020-05-24T20:55:39.546924
20	女子恋爱时获赠奔驰分手被判归还	78625		2020-05-24T20:55:39.547036
21	捕虞达人	78536		2020-05-24T20:55:39.547150
22	邓伦亲岳云鹏	78529		2020-05-24T20:55:39.547262
23	大连高空项目安全绳脱落游客坠落	78478		2020-05-24T20:55:39.547376
24	短发女生自拍颜值大赛	77022		2020-05-24T20:55:39.547489
25	天天向上	67808		2020-05-24T20:55:39.547602
26	中日韩争取年内签订RCEP协定	52117		2020-05-24T20:55:39.547716
27	希林娜依高第一	52116		2020-05-24T20:55:39.547826
28	Lisa组合作舞台	52113		2020-05-24T20:55:39.547938
29	悬崖村的初中生	52098		2020-05-24T20:55:39.548067
30	社交恐惧症是怎样的体验	51862		2020-05-24T20:55:39.548184
31	广西那坡暴雨后变水城	49611		2020-05-24T20:55:39.548297
32	张雨绮用口红给粉丝签名	49096		2020-05-24T20:55:39.548419
33	蔡徐坤新单情人	48188		2020-05-24T20:55:39.548547
34	建议全国推行电子身份证	46299		2020-05-24T20:55:39.548673
35	巩汉林回忆赵丽蓉	45193		2020-05-24T20:55:39.548798
36	大使用民间俗语回应美国诋毁中国	42479		2020-05-24T20:55:39.548924
37	张语格 除了合唱我不想要任何part	42281		2020-05-24T20:55:39.549049
38	校长钓鱼执法没收学生手机	41651		2020-05-24T20:55:39.549175
39	冰爽汽水螺蛳粉	40382		2020-05-24T20:55:39.549300
40	上海龙夺冠	36788		2020-05-24T20:55:39.549424
41	年龄算不算一个人的隐私	36097		2020-05-24T20:55:39.549548
42	聊天终止方式的演变	35607		2020-05-24T20:55:39.549671
43	高校毕业生凌晨12点大合唱	32162		2020-05-24T20:55:39.549794
44	镜头下的泸沽湖	29636		2020-05-24T20:55:39.549919
45	劲爽冰镇可乐小龙虾	29510		2020-05-24T20:55:39.550044
46	江苏小学初中不得公布考试成绩	28569		2020-05-24T20:55:39.550167
47	衡水中学老师自学为学生理发	27949		2020-05-24T20:55:39.550294
48	故宫角楼上空现云隙光	27673		2020-05-24T20:55:39.550418
49	鸟没吓到人吓晕了	27308		2020-05-24T20:55:39.550543
50	男生希望被理解的事	25897		2020-05-24T20:55:39.550667
