排名	关键词	热度	特征	时间
1	李海潮 那肯定没问题	194275		2020-09-03T21:37:54.479617
2	内地已派427名核酸检测队员支援香港	171275		2020-09-03T21:37:54.479771
3	陈婷精神状态	166455		2020-09-03T21:37:54.479897
4	乃万工作室道歉	142664	热	2020-09-03T21:37:54.480033
5	沈腾马丽再合作	115043		2020-09-03T21:37:54.480196
6	25岁该不该养老	110425	荐	2020-09-03T21:37:54.480330
7	想看贺梅怼陈婷	91950		2020-09-03T21:37:54.480494
8	大学生开学日去世捐献眼角膜和遗体	85996		2020-09-03T21:37:54.480622
9	要求学生自带床板校长被停职	85511		2020-09-03T21:37:54.480751
10	印巴交火一名印度军官死亡	85323		2020-09-03T21:37:54.480880
11	薛之谦火锅店声明	85161		2020-09-03T21:37:54.481006
12	罗志祥ins点赞	85069	热	2020-09-03T21:37:54.481132
13	以家人之名预告	82167		2020-09-03T21:37:54.481295
14	璇玑追夫成功	81031		2020-09-03T21:37:54.481421
15	我国每学期用掉超19.4亿张塑料书皮	80665		2020-09-03T21:37:54.481545
16	乘风破浪的姐姐 男嘉宾	80442	热	2020-09-03T21:37:54.481670
17	美股	80416		2020-09-03T21:37:54.481829
18	王嘉尔生图	79332		2020-09-03T21:37:54.481955
19	731部队成员审判录音片段公布	56521		2020-09-03T21:37:54.482080
20	湖南女生把滞留外地的武汉女孩接到家	55120		2020-09-03T21:37:54.482207
21	大学围墙站满了外卖小哥	54398		2020-09-03T21:37:54.482333
22	刘诗诗港风封面	53872		2020-09-03T21:37:54.482459
23	退伍军人回家母亲瞬间跳到儿子身上	50913		2020-09-03T21:37:54.482584
24	上海查获4亿元假动漫手办	47737		2020-09-03T21:37:54.482710
25	印度或将有三成餐厅倒闭	44508		2020-09-03T21:37:54.482835
26	公司要求员工自愿签奋斗者协议	43413		2020-09-03T21:37:54.482959
27	离人心上	38015		2020-09-03T21:37:54.483083
28	纳什担任篮网新任主教练	37193		2020-09-03T21:37:54.483210
29	我和我的家乡神笔马亮	36543		2020-09-03T21:37:54.483334
30	美方官员视中国留学生为间谍是妄想症	36095		2020-09-03T21:37:54.483461
31	在劫难逃刺激	35855		2020-09-03T21:37:54.483586
32	兵哥哥退伍后向女友报到	34980		2020-09-03T21:37:54.483713
33	郑爽 我在给自己一个任性的过程	33827		2020-09-03T21:37:54.483836
34	火鸡面芝士脆皮鸡	30245		2020-09-03T21:37:54.483963
35	抗日战争胜利75周年	28298		2020-09-03T21:37:54.484108
36	教官回应女生军训被蜜蜂爬脸	27236		2020-09-03T21:37:54.484221
37	杨幂蓝色油画大片	26799		2020-09-03T21:37:54.484310
38	王者荣耀	26472		2020-09-03T21:37:54.484396
39	海豹原来是这样睡觉的	25682		2020-09-03T21:37:54.484481
40	张艺兴 嘲笑我可以不要嘲笑努力	24761		2020-09-03T21:37:54.484565
41	陈赫	22199		2020-09-03T21:37:54.484650
42	黄正音申请离婚	22146		2020-09-03T21:37:54.484734
43	原来鹿真是这么打架的	21283		2020-09-03T21:37:54.484818
44	重庆四公里	20412		2020-09-03T21:37:54.484901
45	上上谦火锅餐饮具检出大肠菌群	20268		2020-09-03T21:37:54.484984
46	台风美莎克	20125		2020-09-03T21:37:54.485067
47	和平精英	19305		2020-09-03T21:37:54.485150
48	成龙北京两套豪宅将被拍卖	18471		2020-09-03T21:37:54.485234
49	华春莹称美国反华势力已丧失理性	17817		2020-09-03T21:37:54.485317
50	NBA	17605		2020-09-03T21:37:54.485400
