排名	关键词	热度	特征	时间
1	李荣浩评论杨丞琳好久不见	3569302	热	2020-05-28T09:56:38.969190
2	民法典2021年1月1日起施行	1171008	新	2020-05-28T09:56:38.969321
3	全国首家螺蛳粉产业学院揭牌	960909		2020-05-28T09:56:38.969431
4	全国人大涉港决定通过	866721	新	2020-05-28T09:56:38.969517
5	仝卓 往届生改应届生	852316	沸	2020-05-28T09:56:38.969628
6	微博追番攻略	851735	荐	2020-05-28T09:56:38.969745
7	李东健赵伦熙离婚	844002	热	2020-05-28T09:56:38.969859
8	京阿尼纵火犯称没想到36人丧生	822118	新	2020-05-28T09:56:38.969972
9	中国首次观测到气态水存在的证据	811170	新	2020-05-28T09:56:38.970087
10	公安部回应被美列入出口管制清单	795325		2020-05-28T09:56:38.970199
11	韩智慧	773222		2020-05-28T09:56:38.970289
12	南部战区回应美舰非法闯入我西沙领海	755678	新	2020-05-28T09:56:38.970378
13	河南疫情期间多余住宿费一律退还	733179		2020-05-28T09:56:38.970489
14	中方敦促立即释放孟晚舟	717096		2020-05-28T09:56:38.970577
15	孟晚舟未能获释	705643	热	2020-05-28T09:56:38.970665
16	钟南山宣布广州新冠危重症患者清零	686582		2020-05-28T09:56:38.970776
17	袁姗姗 没事他可以再修复	678173	热	2020-05-28T09:56:38.970865
18	明日之子教师团	661533	新	2020-05-28T09:56:38.970975
19	库里为被暴力执法致死黑人发声	653605	新	2020-05-28T09:56:38.971086
20	导演们有多大胆	612237	新	2020-05-28T09:56:38.971198
21	翟天临	599582	热	2020-05-28T09:56:38.971308
22	民法典	503125	新	2020-05-28T09:56:38.971420
23	Cryin离队	480637	新	2020-05-28T09:56:38.971530
24	FPX T1	419388	新	2020-05-28T09:56:38.971639
25	日本规定坐过山车禁止尖叫	411434		2020-05-28T09:56:38.971750
26	郑爽打许魏洲有多疼	401423	新	2020-05-28T09:56:38.971839
27	黄晓明问killingpart是啥	374366	新	2020-05-28T09:56:38.971949
28	年薪30万女硕士辞职做保姆	334719		2020-05-28T09:56:38.972075
29	这届毕业照太难了	284985		2020-05-28T09:56:38.972166
30	香港	264272		2020-05-28T09:56:38.972253
31	奚梦瑶评论何猷君	243679		2020-05-28T09:56:38.972341
32	李嫣手机壳是王菲表情包	233964		2020-05-28T09:56:38.972429
33	苹果被索赔26亿美元	221905		2020-05-28T09:56:38.972518
34	一人一句送给婧妹的话	200699		2020-05-28T09:56:38.972605
35	国安法	194206		2020-05-28T09:56:38.972692
36	宋茜怀念MV	193760		2020-05-28T09:56:38.972781
37	周梓倩	193567		2020-05-28T09:56:38.972869
38	花魁艺伎妆	192921		2020-05-28T09:56:38.972956
39	养的猫成精了	168239		2020-05-28T09:56:38.973042
40	美国抗议活动	159396		2020-05-28T09:56:38.973129
41	竹内凉真三吉彩花	157715		2020-05-28T09:56:38.973217
42	成年人的六一怎么过	154484		2020-05-28T09:56:38.973305
43	LOL季中赛	148728	新	2020-05-28T09:56:38.973392
44	自拍的你和别人拍的你	148516	新	2020-05-28T09:56:38.973501
45	泰剧里的女人有多不好惹	147238		2020-05-28T09:56:38.973613
46	牡丹江7例无症状感染者轨迹公布	145914	新	2020-05-28T09:56:38.973702
47	毕业即失业是种什么体验	144716	新	2020-05-28T09:56:38.973812
48	A股	144629		2020-05-28T09:56:38.973922
49	陶勇复诊再遇为他挡刀患者家属	135401		2020-05-28T09:56:38.974010
50	世界到底有多荒诞	130443		2020-05-28T09:56:38.974097
