排名	关键词	热度	特征	时间
1	李现 我都累了你还不累吗	375362	热	2020-08-08T21:58:34.000516
2	荷兰驻黎巴嫩大使夫人在爆炸中身亡	144748		2020-08-08T21:58:34.000590
3	你真牛我挺你	140083	荐	2020-08-08T21:58:34.000640
4	三十而已大结局	128661		2020-08-08T21:58:34.000703
5	权珉娥	128615		2020-08-08T21:58:34.000755
6	张文宏称全球第一波疫情还没结束	124213		2020-08-08T21:58:34.000806
7	顾佳许幻山离婚	108373		2020-08-08T21:58:34.000857
8	推荐固体饮料给婴幼儿医生被停职	106904		2020-08-08T21:58:34.000907
9	广东队淘汰北京队	106448		2020-08-08T21:58:34.000958
10	宋妍霏分手后首现身	106443	热	2020-08-08T21:58:34.001008
11	五条人复活	106433		2020-08-08T21:58:34.001070
12	青春环游记	87857		2020-08-08T21:58:34.001121
13	韩国暴雨	78515		2020-08-08T21:58:34.001170
14	西安坍塌城墙为修复保护砌体	69149		2020-08-08T21:58:34.001220
15	范丞丞贾玲相视一笑	67219		2020-08-08T21:58:34.001270
16	乐队的夏天	64480		2020-08-08T21:58:34.001320
17	CBA	63637		2020-08-08T21:58:34.001369
18	林书豪错失扳平三分	60472		2020-08-08T21:58:34.001419
19	国旗法国徽法迎来重要修改	59772		2020-08-08T21:58:34.001469
20	周深陈卓璇唱眼泪成诗	57479		2020-08-08T21:58:34.001519
21	17岁被逼婚少女想读高中	56105		2020-08-08T21:58:34.001569
22	王漫妮出国留学	54412		2020-08-08T21:58:34.001618
23	快乐大本营	49999		2020-08-08T21:58:34.001668
24	上半年5816人放弃美国国籍	48886		2020-08-08T21:58:34.001717
25	李佳琦金靖剪彩	48557		2020-08-08T21:58:34.001767
26	钟汉良一秒入戏	48351		2020-08-08T21:58:34.001816
27	明日之子	47898		2020-08-08T21:58:34.001865
28	iPhone12或支持北斗导航	46765		2020-08-08T21:58:34.001914
29	毛里求斯进入环境紧急状态	46678		2020-08-08T21:58:34.001962
30	迪丽热巴印花裹身裙	46672		2020-08-08T21:58:34.002008
31	动物园为熊猫举办成熊礼	46662		2020-08-08T21:58:34.002054
32	这就是街舞齐舞battle	44551		2020-08-08T21:58:34.002099
33	李子园	36152		2020-08-08T21:58:34.002143
34	武汉天空像羊群奔跑的云团	33719		2020-08-08T21:58:34.002188
35	南京大学首封录取通知书	32430		2020-08-08T21:58:34.002233
36	TS战胜AG	31982		2020-08-08T21:58:34.002278
37	当你无意识摸到了背包带时	29155		2020-08-08T21:58:34.002324
38	LPL夏季赛	28490		2020-08-08T21:58:34.002368
39	舞者总决赛	25978		2020-08-08T21:58:34.002412
40	TES锁定常规赛第一	25818		2020-08-08T21:58:34.002457
41	大连地铁回应老人无健康码乘车受阻	25767		2020-08-08T21:58:34.002502
42	肖枫被打	24015		2020-08-08T21:58:34.002547
43	易建联好稳	23291		2020-08-08T21:58:34.002592
44	陈坤生图	22571		2020-08-08T21:58:34.002636
45	穿越火线	22333		2020-08-08T21:58:34.002680
46	福建晋江一厂房火灾致8人死亡	21920		2020-08-08T21:58:34.002724
47	翟潇闻企鹅打挺	20923		2020-08-08T21:58:34.002772
48	康姆士 你要如何我们就如何	19044		2020-08-08T21:58:34.002821
49	广州七蒂莲入选吉尼斯世界纪录	17797		2020-08-08T21:58:34.002871
50	杨洋唱无价之姐	17536		2020-08-08T21:58:34.002920
