排名	关键词	热度	特征	时间
1	张萌 王一博跳舞能把我看cry	3229836	沸	2020-07-26T08:49:43.119217
2	横店迎来剧组开机潮	1561093	新	2020-07-26T08:49:43.119402
3	伊能静公开抗衰秘密	1520714	荐	2020-07-26T08:49:43.119556
4	水木年华缪杰回应	1250482	新	2020-07-26T08:49:43.119705
5	23岁女子心脏停跳3天奇迹治愈	1208110	沸	2020-07-26T08:49:43.119851
6	欧阳娜娜回应提议重录	1047511	热	2020-07-26T08:49:43.119996
7	警方回应女大学生在青海失联	876573	沸	2020-07-26T08:49:43.120163
8	2020年直招士官工作展开	677928	新	2020-07-26T08:49:43.120308
9	鲲龙AG600海上首飞成功	607068		2020-07-26T08:49:43.120453
10	英女王在线参加自己肖像画揭幕仪式	538372	新	2020-07-26T08:49:43.120568
11	巴西总统新冠病毒检测结果转阴	482292		2020-07-26T08:49:43.120711
12	金鸡奖报名标准	448513	新	2020-07-26T08:49:43.120828
13	失联女大学生曾单人赴可可西里	344217	热	2020-07-26T08:49:43.120971
14	许幻山没有心	343395		2020-07-26T08:49:43.121113
15	路威请假去夜店遭调查	342331		2020-07-26T08:49:43.121240
16	洪水中3名武警合力托举胖小伙	340284		2020-07-26T08:49:43.121371
17	张艺兴把地板跺出坑	338908	新	2020-07-26T08:49:43.121501
18	杭州杀妻男子曾称身正不怕影子斜	338107	热	2020-07-26T08:49:43.121660
19	马云	335932	新	2020-07-26T08:49:43.121818
20	的哥听到女儿高考成绩激动落泪	333910		2020-07-26T08:49:43.121973
21	罗云熙黑衣银发	333177		2020-07-26T08:49:43.122098
22	11万租门面被告知是违建	331027	新	2020-07-26T08:49:43.122223
23	王一博battle太炸了	330760		2020-07-26T08:49:43.122381
24	山东事业编考试	308296		2020-07-26T08:49:43.122507
25	宠物狗在义乌走丢1个月后走回金华	298880		2020-07-26T08:49:43.122632
26	说唱听我的	260527	新	2020-07-26T08:49:43.122758
27	南京出台外卖封签使用规范	188079		2020-07-26T08:49:43.122915
28	大连高风险地区实况	183229	新	2020-07-26T08:49:43.123041
29	中国驻美使馆将暂管休斯敦总领馆工作	182969		2020-07-26T08:49:43.123196
30	国乒丑萌版漫画形象	182968		2020-07-26T08:49:43.123322
31	8月民航市场将迎小高峰	178532	新	2020-07-26T08:49:43.123447
32	解放军帮老乡抢收700余斤葡萄	178490	新	2020-07-26T08:49:43.123605
33	救援队将在无人区搜索失联女大学生	170467	新	2020-07-26T08:49:43.123763
34	美国驻成都总领事馆徽标被摘除	166200		2020-07-26T08:49:43.123921
35	大连全面开展核酸检测	165029		2020-07-26T08:49:43.124057
36	萌娃自制苍耳子皇冠	156338		2020-07-26T08:49:43.124184
37	许子言太可爱了	154877		2020-07-26T08:49:43.124309
38	武汉这十二类行为将被禁止	149754		2020-07-26T08:49:43.124437
39	最热中伏	142839		2020-07-26T08:49:43.124561
40	教师写信鼓励高考失意者	142790		2020-07-26T08:49:43.124687
41	美国逾150名专家呼吁停止重启经济	124859		2020-07-26T08:49:43.124814
42	朝鲜发现新冠疑似病例	122743		2020-07-26T08:49:43.124941
43	大巴驶入美国驻成都总领事馆	119840	新	2020-07-26T08:49:43.125065
44	去东京旅行要做的100件事	118940		2020-07-26T08:49:43.125222
45	2020王者荣耀世冠	115336		2020-07-26T08:49:43.125347
46	被五条人笑死	110042		2020-07-26T08:49:43.125472
47	大学生在菜地里打造出新基建	106248		2020-07-26T08:49:43.125596
48	恩施降雨引发内涝	106046		2020-07-26T08:49:43.125721
49	水木年华淘汰	100346		2020-07-26T08:49:43.125845
50	辽宁新增13例本土病例	99652		2020-07-26T08:49:43.125968
