排名	关键词	热度	特征	时间
1	章子怡夸Angelababy演技	417276	热	2020-09-02T00:48:42.762545
2	华春莹称美国是真正的云窃密江湖大盗	381907		2020-09-02T00:48:42.762629
3	关晓彤无痕装	379684	荐	2020-09-02T00:48:42.762684
4	被陈婷气死	366022		2020-09-02T00:48:42.762749
5	领走5岁女童嫌犯涉嫌强奸被刑拘	361761	沸	2020-09-02T00:48:42.762800
6	肖战	351227	沸	2020-09-02T00:48:42.762863
7	黄老板得女	338748	热	2020-09-02T00:48:42.762925
8	李尖尖贺子秋给凌霄过生日	265333		2020-09-02T00:48:42.762987
9	TCL大股东误操作卖出500万股	220537		2020-09-02T00:48:42.763038
10	42克金手镯洗完只剩20克	210122		2020-09-02T00:48:42.763088
11	贺梅没有再婚生子	202463		2020-09-02T00:48:42.763138
12	钟南山谈抗疫说中国人的命最重要	155295		2020-09-02T00:48:42.763188
13	女校长当面吃光学生剩饭	136235		2020-09-02T00:48:42.763237
14	谭松韵母亲车祸案肇事者父亲回应	131698	热	2020-09-02T00:48:42.763287
15	洛杉矶黑人男子被警方枪杀	116583		2020-09-02T00:48:42.763348
16	Netflix拍剧版三体	110895		2020-09-02T00:48:42.763396
17	企业领导每天鞠躬迎送员工	109386		2020-09-02T00:48:42.763445
18	苹果要求今年生产8000万部5G手机	102896		2020-09-02T00:48:42.763494
19	王宝丽	102745		2020-09-02T00:48:42.763543
20	李尖尖怼人	102330		2020-09-02T00:48:42.763591
21	7岁男孩泳池排便被索赔1万5	102329		2020-09-02T00:48:42.763640
22	猫咪通宵等主人电话	102026		2020-09-02T00:48:42.763689
23	璇玑被逼发毒誓	101493		2020-09-02T00:48:42.763737
24	今年我国发生三级以上地震428次	101484		2020-09-02T00:48:42.763786
25	sp姑获鸟	101031		2020-09-02T00:48:42.763834
26	外交部回应美大学驱逐我公费留学生	100366		2020-09-02T00:48:42.763883
27	张定宇微笑讲述自己的渐冻症	99345		2020-09-02T00:48:42.763931
28	离人心上	93705		2020-09-02T00:48:42.763979
29	网易内部倡导用昵称代替哥姐总等称呼	91193		2020-09-02T00:48:42.764035
30	故宫雨后现天空之镜	89550		2020-09-02T00:48:42.764084
31	邱海波等9位江苏援疆专家凯旋	86575		2020-09-02T00:48:42.764133
32	漫威群星悼念黑豹男主	86365		2020-09-02T00:48:42.764181
33	开学第一课	81784		2020-09-02T00:48:42.764229
34	特朗普考虑限制中国留学生	78259		2020-09-02T00:48:42.764277
35	遭家暴跳楼女子接受央视采访	78232		2020-09-02T00:48:42.764324
36	武汉乘地铁公放最高罚200元	77514		2020-09-02T00:48:42.764373
37	当你开学有自我介绍时	73178		2020-09-02T00:48:42.764421
38	三亚餐厨垃圾新规最高罚100万	69731		2020-09-02T00:48:42.764469
39	N号房主犯曾考虑品牌化运营	65227		2020-09-02T00:48:42.764517
40	司凤璇玑相会	63821		2020-09-02T00:48:42.764565
41	兼职赚150元后倒欠税款11万	63339		2020-09-02T00:48:42.764612
42	悲伤它追上我了	60193		2020-09-02T00:48:42.764661
43	全猪宴	59360		2020-09-02T00:48:42.764709
44	蔡徐坤时尚先生封面	57148		2020-09-02T00:48:42.764757
45	假冒名包比真包先上市	55926		2020-09-02T00:48:42.764805
46	枕上书将在日本播出	55050		2020-09-02T00:48:42.764853
47	港姐	53471		2020-09-02T00:48:42.764901
48	急先锋定档	51574		2020-09-02T00:48:42.764949
49	亿级神经元类脑计算机	45369		2020-09-02T00:48:42.764996
50	以家人之名	45073		2020-09-02T00:48:42.765044
