排名	关键词	热度	特征	时间
1	王嘉尔夹走王一博的香菜	283979	沸	2020-09-14T23:51:40.785667
2	敦煌陷阱公厕已被责令停业整治	148381		2020-09-14T23:51:40.785744
3	你搬了多少次家	147579	荐	2020-09-14T23:51:40.785796
4	杨超越形容自己像不靠王子的灰姑娘	144371		2020-09-14T23:51:40.785857
5	成龙拍新片时意外溺水	136080	热	2020-09-14T23:51:40.785906
6	乌龟因疫情被困快递盒60天	99480		2020-09-14T23:51:40.785966
7	操场埋尸案纪委办案人员盗涉案干部34万	92314		2020-09-14T23:51:40.786014
8	中欧正式签署中欧地理标志协定	87697		2020-09-14T23:51:40.786061
9	瓦妮莎祝贺加索尔	87111		2020-09-14T23:51:40.786108
10	写下雨写出雨量大小	87008		2020-09-14T23:51:40.786155
11	女子首次坐飞机误开应急舱门被拘	77160		2020-09-14T23:51:40.786202
12	日本用干细胞培育出迷你心脏	68777		2020-09-14T23:51:40.786250
13	汪小菲澄清	66051	热	2020-09-14T23:51:40.786297
14	一名曾参与枪杀索南达杰的嫌犯被抓获	66040		2020-09-14T23:51:40.786355
15	张起灵黑化	66033		2020-09-14T23:51:40.786402
16	学了三年动画做的冰雪奇缘	60438		2020-09-14T23:51:40.786449
17	团伙制售假冒女性护理品成本20卖400	49244		2020-09-14T23:51:40.786496
18	数字人民币不计付利息	49129		2020-09-14T23:51:40.786543
19	疫情掀起日本梅干消费热	48973		2020-09-14T23:51:40.786589
20	王一博方律师声明	48877		2020-09-14T23:51:40.786635
21	2020只剩3个月了	48738		2020-09-14T23:51:40.786681
22	万科物业回应锦旗门	48580		2020-09-14T23:51:40.786727
23	新加坡航空推出无目的地航班	48498		2020-09-14T23:51:40.786773
24	北京地铁4号线将拆除部分座椅扩容	48268		2020-09-14T23:51:40.786820
25	李光洙唱阿卡贝拉	48249		2020-09-14T23:51:40.786867
26	薇娅关晓彤直播	46970		2020-09-14T23:51:40.786913
27	北京电影学院2020级新生报到	44521		2020-09-14T23:51:40.786959
28	特朗普公然违规办大型室内集会	44291		2020-09-14T23:51:40.787006
29	北京冬奥村赛后将作人才公租房	44239		2020-09-14T23:51:40.787051
30	李子柒瓜间一壶酒	44209		2020-09-14T23:51:40.787098
31	MBC主持人	43277		2020-09-14T23:51:40.787144
32	旁听人员法庭上辱骂律师被罚8万	42136		2020-09-14T23:51:40.787190
33	司凤心疼璇玑	41181		2020-09-14T23:51:40.787237
34	美驻华大使布兰斯塔德将离任	39554		2020-09-14T23:51:40.787283
35	向佐回应不陪产郭碧婷	39514		2020-09-14T23:51:40.787329
36	李思雨袁慧中打架	37900		2020-09-14T23:51:40.787375
37	挪威最现代化人性化的监狱	37531		2020-09-14T23:51:40.787422
38	吴亦凡的嘴叭叭的	36814		2020-09-14T23:51:40.787468
39	原来小羊肖恩是真的	36220		2020-09-14T23:51:40.787515
40	无支祁好A	35915		2020-09-14T23:51:40.787561
41	如厕时的科学折纸	35463		2020-09-14T23:51:40.787606
42	河南周口一民房倒塌致2人死亡	33484		2020-09-14T23:51:40.787652
43	我喜欢你定档	32299		2020-09-14T23:51:40.787698
44	影院复工后的第一个50亿	32046		2020-09-14T23:51:40.787744
45	世界各地的15种薯条	30908		2020-09-14T23:51:40.787790
46	高校奖励新生一个人报到	30668		2020-09-14T23:51:40.787836
47	被孙弈秋林宇明笑死	30636		2020-09-14T23:51:40.787882
48	颜值超高的冰饮甜品合集	30560		2020-09-14T23:51:40.787928
49	安邦	30348		2020-09-14T23:51:40.787973
50	赵婷直到现在也在写同人文	29999		2020-09-14T23:51:40.788045
