排名	关键词	热度	特征	时间
1	鞠婧祎口罩	4140018	沸	2020-06-23T06:59:35.963994
2	无健康码大爷是坐火车到浙江的	1790371	新	2020-06-23T06:59:35.964146
3	房产微盘点	1763172	荐	2020-06-23T06:59:35.964262
4	杨紫名誉权侵害案被告伪造证据	1596086	沸	2020-06-23T06:59:35.964376
5	沈阳巨响	1531977	新	2020-06-23T06:59:35.964485
6	唐嫣新剧造型	1421300	热	2020-06-23T06:59:35.964594
7	朱朝阳的原生家庭	1293894	新	2020-06-23T06:59:35.964703
8	N号房又一嫌疑人正脸公开	1128561		2020-06-23T06:59:35.964811
9	北斗三号收官之星点火升空	1032268	沸	2020-06-23T06:59:35.964906
10	现实版东北人结账	959992		2020-06-23T06:59:35.965030
11	张东升 你可以相信童话	944114	新	2020-06-23T06:59:35.965127
12	俞敏洪谈王振华猥亵儿童案	776363	新	2020-06-23T06:59:35.965246
13	汽车撞入中国驻阿根廷大使馆	647092	新	2020-06-23T06:59:35.965365
14	焚寂宫的大懒猫	547939		2020-06-23T06:59:35.965484
15	网信办约谈虎牙斗鱼等10家直播平台	540514		2020-06-23T06:59:35.965578
16	小白船是安魂曲	501373	新	2020-06-23T06:59:35.965671
17	郑钧说刘芸是不听劝的姐姐	498171	新	2020-06-23T06:59:35.965787
18	成都巨响	497128	新	2020-06-23T06:59:35.965906
19	易烊千玺加盟少年之名	496296	新	2020-06-23T06:59:35.966023
20	导演乔舒马赫去世	494588		2020-06-23T06:59:35.966142
21	河北确诊小学生学校其余师生均为阴性	428558	热	2020-06-23T06:59:35.966235
22	北斗三号	405315		2020-06-23T06:59:35.966353
23	UNINE粉丝	404747		2020-06-23T06:59:35.966445
24	鄂牌车主去世造谣者和车主见面	393624		2020-06-23T06:59:35.966538
25	最强蜗牛	384274	新	2020-06-23T06:59:35.966633
26	自信的女生有多美好	380224		2020-06-23T06:59:35.966749
27	燕云台预告	373944		2020-06-23T06:59:35.966843
28	iOS14	308783		2020-06-23T06:59:35.966935
29	北斗全球组网成功收官	285209		2020-06-23T06:59:35.967026
30	世卫称病毒已在全球层面稳固传播	282786		2020-06-23T06:59:35.967119
31	新发地市场暴露人员发病已近尾声	282760		2020-06-23T06:59:35.967213
32	韩国物价持续上涨	278306		2020-06-23T06:59:35.967306
33	秦昊手机壳	273779		2020-06-23T06:59:35.967399
34	加拿大所谓司法独立完全是双重标准	258514		2020-06-23T06:59:35.967491
35	闪耀暖暖	247950		2020-06-23T06:59:35.967584
36	北京11天新增236例都是谁去过哪	242384		2020-06-23T06:59:35.967677
37	丁一	233413		2020-06-23T06:59:35.967770
38	山东理工将努力帮被顶替者陈春秀读书	231636		2020-06-23T06:59:35.967863
39	隐秘的角落	212205		2020-06-23T06:59:35.967955
40	北京师范大学云毕业典礼	208295		2020-06-23T06:59:35.968059
41	世卫称疫情几乎每天打破新增纪录	189248		2020-06-23T06:59:35.968153
42	湖南入汛以来最强降雨	188973	新	2020-06-23T06:59:35.968246
43	直播嘲笑女生当事男生写道歉信	174185		2020-06-23T06:59:35.968363
44	北京新增13例确诊	170961		2020-06-23T06:59:35.968454
45	心疼白冰	169670		2020-06-23T06:59:35.968546
46	青春毕业照大赛	168221	新	2020-06-23T06:59:35.968639
47	眼皮开启了震动模式	167858		2020-06-23T06:59:35.968758
48	发射中心指挥员说给火箭打120分	167582	新	2020-06-23T06:59:35.968851
49	江苏新增境外输入1例	161686		2020-06-23T06:59:35.968968
50	清华大学2020年本科生毕业典礼	143180		2020-06-23T06:59:35.969060
