排名	关键词	热度	特征	时间
1	杭州女子失踪案后续	9215536	爆	2020-07-23T05:34:59.964543
2	林有有舔许幻山冰淇淋	1857289	沸	2020-07-23T05:34:59.964724
3	YSL反转巴黎	1819681	荐	2020-07-23T05:34:59.964875
4	2020高考成绩开始放榜	1771815	沸	2020-07-23T05:34:59.965023
5	杭州女子老公	1609842	热	2020-07-23T05:34:59.965170
6	ootd	1487247	荐	2020-07-23T05:34:59.965311
7	吴镇宇念王一博粉丝祝福语	1076817	沸	2020-07-23T05:34:59.965452
8	梁正贤是海王吗	933172		2020-07-23T05:34:59.965605
9	高考查分	930111	沸	2020-07-23T05:34:59.965735
10	思文被house淘汰	857665	新	2020-07-23T05:34:59.965895
11	中国驻美使馆收到炸弹和死亡威胁	669172		2020-07-23T05:34:59.966053
12	高考分数线	665207	新	2020-07-23T05:34:59.966180
13	美听证会通过TikTok禁令	664866		2020-07-23T05:34:59.966338
14	科学家发现操纵优化细胞衰老途径	664601	新	2020-07-23T05:34:59.966466
15	河南新增1例无症状感染者	663586		2020-07-23T05:34:59.966624
16	罗晋否认出轨	663048	热	2020-07-23T05:34:59.966750
17	白宫一食堂工作人员新冠检测阳性	662461	新	2020-07-23T05:34:59.966905
18	杭州女子 奇门遁甲	662010	新	2020-07-23T05:34:59.967062
19	杭州公安	661146	新	2020-07-23T05:34:59.967218
20	广州急寻剧毒蘑菇遗失物	660938		2020-07-23T05:34:59.967374
21	湖南分数线	659938	新	2020-07-23T05:34:59.967498
22	杭州市公安局江干区分局	659937	新	2020-07-23T05:34:59.967653
23	毛晓彤谈三十而立	596296		2020-07-23T05:34:59.967809
24	A股	562881	新	2020-07-23T05:34:59.967934
25	顾佳穿搭	554470		2020-07-23T05:34:59.968110
26	1818黄金眼	553862	新	2020-07-23T05:34:59.968234
27	BLACKPINK新单预告	537155		2020-07-23T05:34:59.968387
28	清唱也能这么好听	474215		2020-07-23T05:34:59.968510
29	可口可乐营收创25年最大季度降幅	417659	新	2020-07-23T05:34:59.968630
30	三十而已	398972		2020-07-23T05:34:59.968786
31	高考成绩公布前的半小时	393470		2020-07-23T05:34:59.968909
32	蚂蚁集团员工持股约40%	354413		2020-07-23T05:34:59.969032
33	央视新闻	336133	新	2020-07-23T05:34:59.969156
34	NBA	243644		2020-07-23T05:34:59.969308
35	警方成立杭州女子失踪专案组	230293		2020-07-23T05:34:59.969430
36	中方敦促美方立即撤销有关错误决定	227306		2020-07-23T05:34:59.969554
37	闪耀暖暖	223563		2020-07-23T05:34:59.969677
38	深圳地铁5号线	207093		2020-07-23T05:34:59.969800
39	火箭少女护送Yamy	191845		2020-07-23T05:34:59.969924
40	美洲约三分之一民众面临新冠重症威胁	186038	新	2020-07-23T05:34:59.970046
41	南京购房追溯两年内离婚记录	172558		2020-07-23T05:34:59.970205
42	西藏那曲6.6级地震	172123		2020-07-23T05:34:59.970329
43	梁爽不原谅大宝	172071		2020-07-23T05:34:59.970451
44	服装行业全年蒸发4000亿	155921		2020-07-23T05:34:59.970574
45	浙江丽水首次拍到四不像	155380		2020-07-23T05:34:59.970699
46	得知高考成绩时的你	152144		2020-07-23T05:34:59.970822
47	风声十二生肖重映收益让利影院	149654	新	2020-07-23T05:34:59.970945
48	老人给公交司机扇风被回赠折扇	147690		2020-07-23T05:34:59.971100
49	李健工作室辟谣	143658		2020-07-23T05:34:59.971222
50	美国24小时新增新冠8.3万人	130737		2020-07-23T05:34:59.971345
