排名	关键词	热度	特征	时间
1	张文宏说天热可以开空调戴口罩	2850072	新	2020-05-19T05:49:45.442860
2	大张伟郭麒麟加盟密室大逃脱	1774435	新	2020-05-19T05:49:45.442966
3	桃桃美好对你上心	1476668	荐	2020-05-19T05:49:45.443063
4	徽柔怀吉结局	1402226		2020-05-19T05:49:45.443158
5	杨天真鱼尾裙	1396290	新	2020-05-19T05:49:45.443233
6	视频星计划	1340132	荐	2020-05-19T05:49:45.443324
7	你5月20号的状态	1311202	沸	2020-05-19T05:49:45.443415
8	拿了女主剧本的郭麒麟	1251863		2020-05-19T05:49:45.443505
9	顾客吃饭被免单洗一下午碗答谢	916690		2020-05-19T05:49:45.443579
10	谭德塞说疫情展现出人最好与最坏的	854037		2020-05-19T05:49:45.443650
11	密室大逃脱2	805256	新	2020-05-19T05:49:45.443722
12	王凯 我还是想做官家的	608885	沸	2020-05-19T05:49:45.443812
13	女孩网购1吨洋葱送前男友	524452		2020-05-19T05:49:45.443901
14	浙江宁波规定遛狗套装	523418	新	2020-05-19T05:49:45.443972
15	280家5A级景区名单	519930	新	2020-05-19T05:49:45.444061
16	山东的风有多大	517650		2020-05-19T05:49:45.444150
17	李佳琦小助理微博改名付鹏	515415	热	2020-05-19T05:49:45.444236
18	jj93820	510745		2020-05-19T05:49:45.444325
19	刘备孙尚香时之恋人	509070	新	2020-05-19T05:49:45.444395
20	韩国老师隐瞒夜店行程感染21人	507043	新	2020-05-19T05:49:45.444483
21	鲁妮玛拉怀孕	487046	新	2020-05-19T05:49:45.444572
22	太原小学生戴一米长翅膀返校	456084		2020-05-19T05:49:45.444660
23	夜市小龙虾经营户一天少赚近2000元	361711		2020-05-19T05:49:45.444731
24	绿地	351100		2020-05-19T05:49:45.444801
25	美团单车崩了	346899		2020-05-19T05:49:45.444872
26	朴智妍宋再临	330072	新	2020-05-19T05:49:45.444941
27	宋茜新歌MV	313773	新	2020-05-19T05:49:45.445023
28	一加回应透视功能	289483		2020-05-19T05:49:45.445104
29	2岁男童被拐32年后与父母团聚	280932	新	2020-05-19T05:49:45.445171
30	美国新冠感染病例超过150万	270614		2020-05-19T05:49:45.445252
31	关晓彤 没人敢管我了	262266		2020-05-19T05:49:45.445318
32	减脂无米腐皮寿司	249696	新	2020-05-19T05:49:45.445383
33	郑在玹手写道歉信	243763		2020-05-19T05:49:45.445470
34	云南昭通地震已致4人死亡	220747		2020-05-19T05:49:45.445541
35	南苏丹副总统及其妻子新冠检测呈阳性	202421		2020-05-19T05:49:45.445612
36	春节期间收费公路3次延长免费通行	192572	新	2020-05-19T05:49:45.445684
37	江疏影发长文	190634		2020-05-19T05:49:45.445773
38	传闻中的陈芊芊	181751		2020-05-19T05:49:45.445844
39	日晕	172355	新	2020-05-19T05:49:45.445914
40	翼装飞行失联女大学生搜救现场	168854		2020-05-19T05:49:45.445996
41	520表白文案	155080	新	2020-05-19T05:49:45.446062
42	夏日西瓜妆	154392	新	2020-05-19T05:49:45.446146
43	辅警跨过围栏5秒关停电梯	144985		2020-05-19T05:49:45.446234
44	武汉网约车司机捡63万元归还失主	137869		2020-05-19T05:49:45.446306
45	高中时怦然心动的瞬间	127187		2020-05-19T05:49:45.446377
46	精灵夫妇be	126902	新	2020-05-19T05:49:45.446447
47	湖南固体饮料冒充奶粉事件2人被免职	126870		2020-05-19T05:49:45.446536
48	武汉欢乐谷重新开业	125750	新	2020-05-19T05:49:45.446606
49	内蒙古新增3例境外输入	124790		2020-05-19T05:49:45.446694
50	最有人间烟火气的街边小吃	123344		2020-05-19T05:49:45.446765
