排名	关键词	热度	特征	时间
1	520	3576458	沸	2020-05-20T02:35:59.048225
2	小满	1863695	新	2020-05-20T02:35:59.048409
3	薇娅5块2毛1全场秒杀	1833377	荐	2020-05-20T02:35:59.048559
4	吴磊情商	1830740	新	2020-05-20T02:35:59.048706
5	1314少个4	1684277	新	2020-05-20T02:35:59.048851
6	什么时候觉得TA配不上你	1507257	荐	2020-05-20T02:35:59.048996
7	2020520文案	1457328	新	2020-05-20T02:35:59.049138
8	任敏回应	1318106		2020-05-20T02:35:59.049280
9	和平精英小黄鸭	898816	新	2020-05-20T02:35:59.049402
10	美国新冠肺炎确诊病例超152万	872851	新	2020-05-20T02:35:59.049561
11	巴勒斯坦停止履行与美国以色列所有协议	871551	新	2020-05-20T02:35:59.049720
12	欧阳娜娜要李佳琦微信	866241	热	2020-05-20T02:35:59.049877
13	考研调剂	708301	新	2020-05-20T02:35:59.050037
14	史上最短命驾照	494847		2020-05-20T02:35:59.050193
15	8岁治疗犬获博士学位	355601	新	2020-05-20T02:35:59.050317
16	黑龙江吉林与湖北病例有何不同	339858		2020-05-20T02:35:59.050473
17	蒋胜男建议民法典草案删除离婚冷静期	339350		2020-05-20T02:35:59.050597
18	迪丽热巴婚纱造型	338120	新	2020-05-20T02:35:59.050722
19	奔驰维权女车主所涉公司被限制高消费	337543	新	2020-05-20T02:35:59.050875
20	青春有你预告 齐刘海	336844	新	2020-05-20T02:35:59.051033
21	十八岁拍过的写真	335482	新	2020-05-20T02:35:59.051186
22	许嵩温泉	334813	新	2020-05-20T02:35:59.051338
23	北京新生代农民工月均收入5850元	333970	新	2020-05-20T02:35:59.051493
24	十年前夏天和现在的区别	306016		2020-05-20T02:35:59.051647
25	疫情或致全球13%博物馆永久关闭	277320		2020-05-20T02:35:59.051771
26	天津小学低年级和幼儿园6月2日开学	256699	新	2020-05-20T02:35:59.051897
27	宋慧乔 玄彬	249377	热	2020-05-20T02:35:59.052049
28	李子柒 童年小零食	243689		2020-05-20T02:35:59.052216
29	吉林市新增1例本土病例	233315	新	2020-05-20T02:35:59.052343
30	带了一群没方向感的学员	228336		2020-05-20T02:35:59.052497
31	上海首个停用丰巢小区自建快递架	222464		2020-05-20T02:35:59.052621
32	张艺兴新专辑先行曲玉	222195	新	2020-05-20T02:35:59.052743
33	边程向任敏道歉	219891		2020-05-20T02:35:59.052896
34	露胯骨礼裙	210338		2020-05-20T02:35:59.053019
35	代表建议夫妻合休产假	205426		2020-05-20T02:35:59.053143
36	把猫踹下床的后果	205048		2020-05-20T02:35:59.053265
37	幸福触手可及	200838		2020-05-20T02:35:59.053389
38	田静 唐迟	197639		2020-05-20T02:35:59.053510
39	英超新冠检测6人阳性	177733	新	2020-05-20T02:35:59.053630
40	餐馆倒闭前老板挨个通知顾客来退款	147982		2020-05-20T02:35:59.053785
41	塔里木盆地星空下的千年胡杨	130593		2020-05-20T02:35:59.053908
42	军校生复课首先拯救豆腐块	126669		2020-05-20T02:35:59.054033
43	泰国餐厅推出猛男送餐服务	124513		2020-05-20T02:35:59.054155
44	陆正耀回应瑞幸将退市	124466	新	2020-05-20T02:35:59.054278
45	闪耀暖暖	124411	新	2020-05-20T02:35:59.054429
46	阴阳师	124389		2020-05-20T02:35:59.054581
47	这一声妈她等了32年	120785		2020-05-20T02:35:59.054705
48	40楼扔菜刀砸中200万路虎被刑拘	112632		2020-05-20T02:35:59.054826
49	520单身狗文案大赛	110007	新	2020-05-20T02:35:59.054951
50	袁隆平李子柒获聘农民丰收节推广大使	109803		2020-05-20T02:35:59.055101
