排名	关键词	热度	特征	时间
1	宁静身材	3675552	新	2020-08-01T07:38:54.585066
2	大连市民非必要不离连	2755504	新	2020-08-01T07:38:54.585243
3	沙溢带兄弟团回家	2446324	荐	2020-08-01T07:38:54.585398
4	黄晓明脱妆	2231470	新	2020-08-01T07:38:54.585543
5	Angelababy偷蔡徐坤鞋垫	1964002	热	2020-08-01T07:38:54.585688
6	湖北连发74条高温预警	1128374	新	2020-08-01T07:38:54.585830
7	乘风破浪的姐姐赛制	773822		2020-08-01T07:38:54.585971
8	王蔷退出2020美网	630018	新	2020-08-01T07:38:54.586083
9	官方回应残疾人领结婚证遭拒	615018		2020-08-01T07:38:54.586223
10	驻香港部队举行八一升国旗仪式	433915		2020-08-01T07:38:54.586333
11	S10将全程在上海举办	413686	沸	2020-08-01T07:38:54.586447
12	蔡明给张雨绮系扣子	403410		2020-08-01T07:38:54.586587
13	八一建军节	388270		2020-08-01T07:38:54.586700
14	八月你好	315414		2020-08-01T07:38:54.586814
15	卫健委组派内地核酸检测支援队赴港	314757		2020-08-01T07:38:54.586923
16	努某某存在多项违纪违规	274036		2020-08-01T07:38:54.587035
17	黄渤加盟这就是街舞	273813	新	2020-08-01T07:38:54.587146
18	蒙牛主播	273232		2020-08-01T07:38:54.587288
19	孟晚舟	272325	新	2020-08-01T07:38:54.587397
20	乘风破浪 实力和人气	272273	新	2020-08-01T07:38:54.587538
21	王漫妮相亲对象是王自健	271714	热	2020-08-01T07:38:54.587679
22	张月	268223		2020-08-01T07:38:54.587821
23	世卫称新冠疫情是百年一遇健康危机	259948		2020-08-01T07:38:54.587931
24	哈登得分	253673		2020-08-01T07:38:54.588065
25	三十而已	253076	热	2020-08-01T07:38:54.588179
26	爷爷抽血时害怕奶奶帮捂眼睛	230385		2020-08-01T07:38:54.588321
27	许飞道歉	229007		2020-08-01T07:38:54.588433
28	杨幂女团风穿搭	225918		2020-08-01T07:38:54.588545
29	大连号召全民抗疫参战	212564		2020-08-01T07:38:54.588656
30	北斗	193297		2020-08-01T07:38:54.588766
31	预防性疫苗等不纳入基本医保	191861		2020-08-01T07:38:54.588876
32	渡边杏东出昌大离婚	191264		2020-08-01T07:38:54.588989
33	美颜滤镜下的李现	187502		2020-08-01T07:38:54.589102
34	71岁老兵制作蛋雕迎八一	179578		2020-08-01T07:38:54.589213
35	傲娇歌词	172919	新	2020-08-01T07:38:54.589324
36	有你皆安	162230		2020-08-01T07:38:54.589474
37	张子枫最受传媒关注女主角	160189		2020-08-01T07:38:54.589602
38	赵丽颖责任心	159317		2020-08-01T07:38:54.589727
39	世卫称新冠肺炎疫情影响将持续数十年	154891		2020-08-01T07:38:54.589851
40	火箭 独行侠	140047		2020-08-01T07:38:54.589977
41	恶之花	133313		2020-08-01T07:38:54.590099
42	李准基演技	132880		2020-08-01T07:38:54.590221
43	字母哥36分	132339	新	2020-08-01T07:38:54.590342
44	浙大努某某被开除	132254		2020-08-01T07:38:54.590496
45	乘风破浪的无价之军	122371	新	2020-08-01T07:38:54.590619
46	乱港分子罗冠聪宣布与亲人断绝关系	116867	新	2020-08-01T07:38:54.590775
47	新疆14540人正接受医学观察	112945		2020-08-01T07:38:54.590930
48	山西通报专升本押题事件	112233		2020-08-01T07:38:54.591055
49	成都征兵海报	96186		2020-08-01T07:38:54.591178
50	新疆新增本土病例31例	95714		2020-08-01T07:38:54.591301
