排名	关键词	热度	特征	时间
1	胡宇桐	3651559	新	2020-08-30T17:51:41.473337
2	交警抱摔醉酒猥亵女学生男子	2627115	新	2020-08-30T17:51:41.473528
3	以家人之名	1944077	热	2020-08-30T17:51:41.473674
4	杨紫编辑微博	1426038	沸	2020-08-30T17:51:41.473762
5	香港小姐决赛	1228120	新	2020-08-30T17:51:41.473848
6	周冬雨新戏上映	1206180	荐	2020-08-30T17:51:41.473933
7	襄汾饭店过寿老人下跪道歉	984336	热	2020-08-30T17:51:41.474019
8	玻璃价格上涨	961406		2020-08-30T17:51:41.474104
9	日本政府计划9月17日选出新首相	954601		2020-08-30T17:51:41.474173
10	贺子秋 为什么每一次被抛弃的都是我	952097	沸	2020-08-30T17:51:41.474242
11	苏小落	905287	新	2020-08-30T17:51:41.474338
12	心疼Rookie	764182		2020-08-30T17:51:41.474418
13	璇玑得知司凤是妖	576009		2020-08-30T17:51:41.474481
14	央视曝不合格办公椅存爆炸风险	555443	热	2020-08-30T17:51:41.474542
15	凌霄帮贺子秋还钱	550037		2020-08-30T17:51:41.474625
16	金晨发视频回应送勺粉丝	548944		2020-08-30T17:51:41.474692
17	学生回应宿舍长出辣椒	547864		2020-08-30T17:51:41.474759
18	美军核潜艇现身挪威近海	547133		2020-08-30T17:51:41.474826
19	广东一企业申请阿京腾百商标被否	545792		2020-08-30T17:51:41.474898
20	唐灿贺子秋	543727	新	2020-08-30T17:51:41.474965
21	胡宇桐问臧鸿飞怎么打鼓才不愣	542413		2020-08-30T17:51:41.475048
22	王艺瑾 甜	541978	新	2020-08-30T17:51:41.475115
23	喜欢留中分的姐妹要注意了	540174	新	2020-08-30T17:51:41.475199
24	村干部回应16岁少年涉重大刑案潜逃	539249		2020-08-30T17:51:41.475285
25	谢嘉怡香港小姐冠军	537653	新	2020-08-30T17:51:41.475352
26	陈卓璇成了气氛组	535694	新	2020-08-30T17:51:41.475434
27	iG输了	534784		2020-08-30T17:51:41.475518
28	新疆老兵退役前为战友打300个馕	533571		2020-08-30T17:51:41.475585
29	特朗普说自己的签名值1万美元	531633		2020-08-30T17:51:41.475653
30	学生返校晒被子时水管爆裂	530158	新	2020-08-30T17:51:41.475719
31	12岁少年直播赚钱养家	529963	新	2020-08-30T17:51:41.475801
32	女童被风筝缠卷飞至半空	516118		2020-08-30T17:51:41.475884
33	天天向上	513740		2020-08-30T17:51:41.475949
34	加拿大抗议者推倒首任总理雕像	496541		2020-08-30T17:51:41.476041
35	如何优雅地背着被子去学校	493519	新	2020-08-30T17:51:41.476116
36	任豪给刘谦交魔术作业	410327	新	2020-08-30T17:51:41.476199
37	电动牙刷的宿命	358068		2020-08-30T17:51:41.476282
38	情链	357307	新	2020-08-30T17:51:41.476344
39	S7冒泡赛兮夜用卡萨丁淘汰iG	308641		2020-08-30T17:51:41.476421
40	阴阳师	256784	新	2020-08-30T17:51:41.476483
41	章子怡斥代拍	254485		2020-08-30T17:51:41.476595
42	Ning伤害3032	250419		2020-08-30T17:51:41.476682
43	河南延津村民靠捉蟋蟀致富	238168	新	2020-08-30T17:51:41.476771
44	小花生的男枪	223367	新	2020-08-30T17:51:41.476878
45	张宏民	218608		2020-08-30T17:51:41.476987
46	当地残联回应150米盲道改成十八弯	210143	新	2020-08-30T17:51:41.477074
47	武汉菜市场卖野生青蛙	203653		2020-08-30T17:51:41.477183
48	物业回应女童滞留电梯找家长时坠亡	186327		2020-08-30T17:51:41.477269
49	美国拟从银行转走伊朗17亿美元资产	181981		2020-08-30T17:51:41.477356
50	我妈得知我恋爱后的反应	181752		2020-08-30T17:51:41.477443
