排名	关键词	热度	特征	时间
1	王艺瑾道歉	251869	热	2020-08-16T22:33:58.686917
2	南海开渔了	167973		2020-08-16T22:33:58.687095
3	琉璃	151793	沸	2020-08-16T22:33:58.687218
4	陈小纭女子艺术体操冠军	145994	沸	2020-08-16T22:33:58.687365
5	王者荣耀代言人	99940	沸	2020-08-16T22:33:58.687508
6	潮玩人类脑洞大赏	89248	荐	2020-08-16T22:33:58.687649
7	张艺凡艺术体操好美	77665		2020-08-16T22:33:58.687791
8	被GPS定位器窃听损失千万元	77552		2020-08-16T22:33:58.687903
9	中消协呼吁消费者向餐饮浪费说不	77532		2020-08-16T22:33:58.688032
10	特朗普弟弟去世	77527	热	2020-08-16T22:33:58.688149
11	凌霄 等你长大我们一辈子在一起	77523		2020-08-16T22:33:58.688292
12	TS夺冠	74033		2020-08-16T22:33:58.688408
13	凌霄回国齐明月接机	57917		2020-08-16T22:33:58.688521
14	天天向上	51836		2020-08-16T22:33:58.688633
15	高考662分庞贝病男孩报考南开大学	50483		2020-08-16T22:33:58.688745
16	林更新	50180	热	2020-08-16T22:33:58.688859
17	让三追四	50113		2020-08-16T22:33:58.689007
18	运动员跟腱断裂意味着什么	49722		2020-08-16T22:33:58.689120
19	成都一男子冒充战疫医生吃霸王餐	49456		2020-08-16T22:33:58.689234
20	雷军直播	49048		2020-08-16T22:33:58.689346
21	家长回应2岁娃往楼下撒万元现金	48575		2020-08-16T22:33:58.689458
22	李尖尖被窝哭	48472		2020-08-16T22:33:58.689571
23	易烊千玺王者荣耀	48262		2020-08-16T22:33:58.689681
24	星巴克中国回应店员拒收硬币	44679		2020-08-16T22:33:58.689791
25	暴雨中消防员又背又抱解救宠物	43310		2020-08-16T22:33:58.689902
26	上海街头500株景观植物被偷	42657		2020-08-16T22:33:58.690013
27	百香果酱的威力有多大	41543		2020-08-16T22:33:58.690126
28	久诚哭了	39090		2020-08-16T22:33:58.690237
29	深圳初级会计考试因突发疫情取消	37543		2020-08-16T22:33:58.690350
30	特朗普回应考虑大选后撤换国防部长	37018		2020-08-16T22:33:58.690460
31	李佳琦五条人大波浪直播	36753		2020-08-16T22:33:58.690571
32	准研究生协助高考生作弊被判3年	35571		2020-08-16T22:33:58.690681
33	璇玑动心	33317		2020-08-16T22:33:58.690792
34	成都金堂现50年一遇洪水	32846		2020-08-16T22:33:58.690903
35	十四五规划编制工作开展网上意见征求	31993		2020-08-16T22:33:58.691016
36	瑛太方回应出轨传闻	31311		2020-08-16T22:33:58.691130
37	袁冰妍亲成毅	30070		2020-08-16T22:33:58.691241
38	钟南山表示广东散发疫情不会大规模扩散	29158		2020-08-16T22:33:58.691353
39	暖阳FMVP	26986		2020-08-16T22:33:58.691465
40	女生卸妆后的真实世界	26863		2020-08-16T22:33:58.691576
41	昊辰偷换心灯	26214		2020-08-16T22:33:58.691699
42	2019年CEO薪酬榜单	26053		2020-08-16T22:33:58.691828
43	吴亦凡蓝色深V西装	24198		2020-08-16T22:33:58.691954
44	驾校教练头痛瞬间	23733		2020-08-16T22:33:58.692100
45	宋祖儿送孙坚三根鸭舌	22630		2020-08-16T22:33:58.692228
46	易建联回应伤情	20546		2020-08-16T22:33:58.692354
47	姜子牙定档	19876		2020-08-16T22:33:58.692477
48	赵粤脱靶	19846		2020-08-16T22:33:58.692568
49	DYG好可惜	18204		2020-08-16T22:33:58.692655
50	女子拐带2岁幼儿后换装出城	17944		2020-08-16T22:33:58.692741
