排名	关键词	热度	特征	时间
1	杭州失踪女子亲属在化粪池旁痛哭	3426089	沸	2020-07-24T11:44:48.310811
2	孟晚舟	3405304	热	2020-07-24T11:44:48.310989
3	小黑瓶肤质改造纪实	2501681	荐	2020-07-24T11:44:48.311143
4	拒绝离婚家暴男杀妻被判死刑	2114413	沸	2020-07-24T11:44:48.311293
5	金莎掉两次扇子大哭	1766958	热	2020-07-24T11:44:48.311453
6	陈立农格格不入MV	1564594	荐	2020-07-24T11:44:48.311616
7	美国驻成都总领事馆现场情况	1551677	沸	2020-07-24T11:44:48.311781
8	中国驻休斯敦总领事馆仍在运转	1356641	新	2020-07-24T11:44:48.311945
9	郭晶晶现身支持霍启刚竞逐立法会	1202980	新	2020-07-24T11:44:48.312123
10	中国关闭美国驻成都总领事馆	958304	沸	2020-07-24T11:44:48.312283
11	孟佳金莎王丽坤淘汰	921464		2020-07-24T11:44:48.312443
12	美国3000多专家联名挺福奇	852976	新	2020-07-24T11:44:48.312566
13	万茜组第一	703337		2020-07-24T11:44:48.312713
14	洪水中捞出300多万现金	630149		2020-07-24T11:44:48.312830
15	外交部回应关闭美国驻成都总领事馆	550054	新	2020-07-24T11:44:48.312943
16	大连新增9例本土确诊病例	550048	新	2020-07-24T11:44:48.313085
17	乘风破浪的姐姐三公	550040		2020-07-24T11:44:48.313230
18	洗面奶千万别抹发际线	550025	新	2020-07-24T11:44:48.313342
19	杭州失踪女子小区又现网红直播	550008		2020-07-24T11:44:48.313483
20	华晨宇寸头	549995	新	2020-07-24T11:44:48.313596
21	76岁大爷为骑车买菜方便假装交警	549987		2020-07-24T11:44:48.313736
22	李斯丹妮墨镜杀solo	549972		2020-07-24T11:44:48.313849
23	介于二十三十之间	549969		2020-07-24T11:44:48.313959
24	6成90后不敢炒股	543388		2020-07-24T11:44:48.314072
25	天津汉沽居民楼发生爆炸	525514	新	2020-07-24T11:44:48.314184
26	你会不会为另一半换城市	523105	新	2020-07-24T11:44:48.314327
27	浙江发1000万电影消费券	472814	新	2020-07-24T11:44:48.314467
28	美国疫情	460673	新	2020-07-24T11:44:48.314610
29	三十而已	405886		2020-07-24T11:44:48.314752
30	三十而已全员无价之姐	398607		2020-07-24T11:44:48.314865
31	鞍山新增1例无症状感染者轨迹公布	343972	新	2020-07-24T11:44:48.314978
32	起底杭州失联女子丈夫	342923		2020-07-24T11:44:48.315119
33	免费女子高中159人高考150人上本科	338641		2020-07-24T11:44:48.315229
34	王俊凯摘星少年	286785	新	2020-07-24T11:44:48.315345
35	华春莹双语发推批蓬佩奥蚍蜉撼树	286090		2020-07-24T11:44:48.315484
36	中国方便面海外买家翻倍	281666		2020-07-24T11:44:48.315604
37	人美路子野舞台惊艳	276919		2020-07-24T11:44:48.315730
38	孟晚舟案证据公开	275947	新	2020-07-24T11:44:48.315853
39	李晓旭受伤	265080		2020-07-24T11:44:48.316020
40	伊朗客机遭2架战机侵扰	232308		2020-07-24T11:44:48.316151
41	巴菲特8亿美元抄底美国银行	229811		2020-07-24T11:44:48.316275
42	福建分数线	216448	新	2020-07-24T11:44:48.316399
43	7月6日来乘大连地铁3号线人员请报告	207205		2020-07-24T11:44:48.316555
44	基金	203981		2020-07-24T11:44:48.316680
45	大连海关查获21.5吨洋垃圾	199480		2020-07-24T11:44:48.316805
46	特朗普改口称有学校可能需推迟复课	198318		2020-07-24T11:44:48.316932
47	19岁小将百米跑出10秒18	190412		2020-07-24T11:44:48.317063
48	A股	175965		2020-07-24T11:44:48.317186
49	剧中让人记忆深刻的铁三角	162971	新	2020-07-24T11:44:48.317313
50	游客变胖威尼斯下调贡多拉载客量	156385		2020-07-24T11:44:48.317470
