排名	关键词	热度	特征	时间
1	林默予去世	1366611	热	2020-07-01T18:49:44.019788
2	民警嘶吼50分钟喊村民起床	1289691		2020-07-01T18:49:44.020027
3	蔡依林身材	1276662	沸	2020-07-01T18:49:44.020184
4	伊能静	1270296	新	2020-07-01T18:49:44.020309
5	林湘自杀	1253682	沸	2020-07-01T18:49:44.020423
6	老干妈的商标	1229800	沸	2020-07-01T18:49:44.020534
7	百度搜索 手里的瓜突然不香了	763004	沸	2020-07-01T18:49:44.020644
8	湖北省无症状感染者清零	681465	新	2020-07-01T18:49:44.020757
9	中方宣布对美反制措施	641178		2020-07-01T18:49:44.020865
10	李沁黑衣造型	626846		2020-07-01T18:49:44.020953
11	日本拟对中韩两国人员开放入境许可	621705		2020-07-01T18:49:44.021040
12	莫向晚莫北副驾吻	615815		2020-07-01T18:49:44.021130
13	海南免税iPhone便宜2500元	608410	热	2020-07-01T18:49:44.021218
14	律师称李子柒维权难度较大	602755	热	2020-07-01T18:49:44.021328
15	女子打伤1岁儿子已立案	597164		2020-07-01T18:49:44.021444
16	腾讯回应被骗	588821	热	2020-07-01T18:49:44.021543
17	林书豪嘴角流血	586712	新	2020-07-01T18:49:44.021665
18	不要跟穿船袜的人握手	550094		2020-07-01T18:49:44.021785
19	罗风 范美	490397	新	2020-07-01T18:49:44.021880
20	深圳南山法院回应腾讯老干妈纠纷	430297	新	2020-07-01T18:49:44.022000
21	创造营时尚先生复古大片	393739	新	2020-07-01T18:49:44.022119
22	从没有男生帮拎过行李	360328		2020-07-01T18:49:44.022239
23	怪你过分美丽	330234		2020-07-01T18:49:44.022333
24	中传艺考要求考生提交高中成绩单	306584		2020-07-01T18:49:44.022426
25	锦绣南歌	297291	新	2020-07-01T18:49:44.022520
26	照片的拍摄角度有多重要	294379		2020-07-01T18:49:44.022639
27	Mayumi直播	293154		2020-07-01T18:49:44.022734
28	妈妈跟孩子说她有点累	262802		2020-07-01T18:49:44.022827
29	港警已拘捕逾180人	256640		2020-07-01T18:49:44.022920
30	马可波罗新皮肤	250621		2020-07-01T18:49:44.023014
31	黄峥卸任拼多多CEO	228399		2020-07-01T18:49:44.023107
32	乘风破浪的姐姐影视图鉴	222898		2020-07-01T18:49:44.023200
33	支付宝	197984		2020-07-01T18:49:44.023292
34	香港警察新增紫色警告旗	194804		2020-07-01T18:49:44.023384
35	易建联成为CBA常规赛得分王	193845	新	2020-07-01T18:49:44.023479
36	暮白首导演帮任嘉伦澄清	188634		2020-07-01T18:49:44.023597
37	新周刊专访THE9	160454		2020-07-01T18:49:44.023692
38	杀破狼	160324		2020-07-01T18:49:44.023787
39	青岛胶东国际机场竣工	159961	新	2020-07-01T18:49:44.023879
40	腾讯中午的辣椒酱突然不香了	156802		2020-07-01T18:49:44.023997
41	3人伪造老干妈印章与腾讯签合同	149140		2020-07-01T18:49:44.024113
42	假如作业有饭圈	134873		2020-07-01T18:49:44.024203
43	印度一家办婚礼致79人感染新冠	131847		2020-07-01T18:49:44.024290
44	蒙古国确诊两例鼠疫病例	124289		2020-07-01T18:49:44.024376
45	CNN女记者直播节目中被抢劫	123868		2020-07-01T18:49:44.024462
46	综艺鬼屋名场面大赏	121042		2020-07-01T18:49:44.024547
47	高考时你最爱的一句座右铭	119538		2020-07-01T18:49:44.024631
48	成都理工大学教师在美感染新冠去世	119295		2020-07-01T18:49:44.024716
49	两男生吵架被老师罚牵手	109435		2020-07-01T18:49:44.024801
50	杜锋马布里握手	60636	新	2020-07-01T18:49:44.024885
