排名	关键词	热度	特征	时间
1	黄晓明安慰赵丽颖	2197209	热	2020-08-07T18:52:40.161222
2	腾讯回应特朗普微信交易禁令	1758600	沸	2020-08-07T18:52:40.161403
3	邓超送白玉兰花安慰孙俪	1555702	新	2020-08-07T18:52:40.161563
4	白玉兰	998353	沸	2020-08-07T18:52:40.161710
5	鞠婧祎 谢谢善良的人	694204	沸	2020-08-07T18:52:40.161855
6	张艺兴帽子戏法挑战	648314	荐	2020-08-07T18:52:40.161999
7	明日之子官方锤瓜	646401	沸	2020-08-07T18:52:40.162142
8	男友杀害南京女生作案动机	632984	沸	2020-08-07T18:52:40.162285
9	余承东称华为手机没芯片了	630513	沸	2020-08-07T18:52:40.162427
10	陶虹白玉兰最佳女配角	629508	新	2020-08-07T18:52:40.162568
11	二十不惑大结局	549342	沸	2020-08-07T18:52:40.162721
12	梁爽赵优秀在一起	397828		2020-08-07T18:52:40.162885
13	四川安岳杀妻嫌疑人被批捕	336778	新	2020-08-07T18:52:40.163018
14	老人连续7年拍摄天空	325229		2020-08-07T18:52:40.163181
15	闫妮白玉兰最佳女主角	324259		2020-08-07T18:52:40.163307
16	郭艾伦手势	317794	新	2020-08-07T18:52:40.163425
17	武汉欢乐谷	311631		2020-08-07T18:52:40.163577
18	平均年龄68岁的体操队	301656	新	2020-08-07T18:52:40.163704
19	外交部回应中加关系遭遇困难	296220		2020-08-07T18:52:40.163863
20	宁静李斯丹妮抢王霏霏	291580		2020-08-07T18:52:40.163988
21	奔跑吧	283087		2020-08-07T18:52:40.164134
22	这辈子都不会忘的尴尬场面	280370		2020-08-07T18:52:40.164262
23	周琦抢篮板	240270	新	2020-08-07T18:52:40.164387
24	两座北极冰盖因全球变暖消失	192577		2020-08-07T18:52:40.164544
25	海涛把吴昕鼓励哭了	192552	热	2020-08-07T18:52:40.164668
26	李子柒秋风送葵	192022		2020-08-07T18:52:40.164825
27	500强企业工程师回乡种番茄	189795	新	2020-08-07T18:52:40.164950
28	黎巴嫩大爆炸后再爆发抗议示威	174022		2020-08-07T18:52:40.165107
29	记者测评4款清凉口罩全部不合格	154818	新	2020-08-07T18:52:40.165229
30	杨幂跳无价之姐	154359		2020-08-07T18:52:40.165388
31	任嘉伦吃播	153780	新	2020-08-07T18:52:40.165511
32	琉璃	151701		2020-08-07T18:52:40.165667
33	螺蛳粉部队锅	149786		2020-08-07T18:52:40.165792
34	杨洁篪谈中美关系	146060		2020-08-07T18:52:40.165914
35	田雨白玉兰最佳男配角	145874		2020-08-07T18:52:40.166038
36	刘诗诗刘昊然合体大片	144962		2020-08-07T18:52:40.166163
37	原来生日也可以有颜色	143814		2020-08-07T18:52:40.166288
38	北航录取通知书上有个小飞机	136733		2020-08-07T18:52:40.166412
39	响水爆炸案15名公职人员被诉	120742		2020-08-07T18:52:40.166537
40	秦海璐黑色高开衩长裙	118530		2020-08-07T18:52:40.166662
41	山下智久	118018		2020-08-07T18:52:40.166786
42	中餐厅	116135	新	2020-08-07T18:52:40.166910
43	微信	108845		2020-08-07T18:52:40.167066
44	腾讯启动有史以来最大规模校招	107272		2020-08-07T18:52:40.167191
45	张公案	90512		2020-08-07T18:52:40.167315
46	济南一客车爆炸	86224		2020-08-07T18:52:40.167440
47	时代周刊封面新冠病毒水淹白宫	85092		2020-08-07T18:52:40.167564
48	中秋国庆可预约夜游八达岭长城	80483		2020-08-07T18:52:40.167689
49	非农	78263		2020-08-07T18:52:40.167813
50	万茜观众喜爱度第一	77989		2020-08-07T18:52:40.167936
