排名	关键词	热度	特征	时间
1	李尖尖分手	3461601	新	2020-08-24T16:35:57.067689
2	贫困县7.1亿豪华中学喷泉凉亭被拆除	2689238		2020-08-24T16:35:57.067917
3	红旗H9震撼上市	2456790	荐	2020-08-24T16:35:57.068103
4	宋丹丹退休	2108116	热	2020-08-24T16:35:57.068266
5	巴黎爆发大规模骚乱	1646721	新	2020-08-24T16:35:57.068418
6	七夕青蛙	1484512	沸	2020-08-24T16:35:57.068570
7	黄之锋又向外媒卖惨	1221480	新	2020-08-24T16:35:57.068719
8	外交部回应特朗普称中美可以脱钩	1215053		2020-08-24T16:35:57.068869
9	iPhone12	1213947	沸	2020-08-24T16:35:57.068999
10	喻言方声明	1213587		2020-08-24T16:35:57.069147
11	平台回应3岁女孩被喂到70斤做吃播	1078475		2020-08-24T16:35:57.069269
12	司凤是金赤鸟妖	804733	新	2020-08-24T16:35:57.069399
13	伊能静的语言艺术	756677		2020-08-24T16:35:57.069550
14	牧民妈妈和儿子同高考被大学录取	691991		2020-08-24T16:35:57.069674
15	李尖尖拒绝贺子秋	653294	新	2020-08-24T16:35:57.069804
16	冯若航秒删	636996		2020-08-24T16:35:57.069955
17	妹妹打针要换衣服哥哥被迫穿裙子	636126		2020-08-24T16:35:57.070076
18	蚂蚁集团董事调整	608982	新	2020-08-24T16:35:57.070207
19	CUBA	579080	新	2020-08-24T16:35:57.070352
20	杨紫被送七夕青蛙	565348	新	2020-08-24T16:35:57.070493
21	喻言被男子搂背	539172	热	2020-08-24T16:35:57.070638
22	警方通报女子陪儿子过生日后失联	530106		2020-08-24T16:35:57.070784
23	台当局又对淘宝台湾动手	516371		2020-08-24T16:35:57.070912
24	康泰	512194		2020-08-24T16:35:57.071040
25	周迅回应参加综艺增多	511827		2020-08-24T16:35:57.071158
26	上海小区推出外来车辆亲情卡	510149	新	2020-08-24T16:35:57.071282
27	许飞不敢正面刚	452618		2020-08-24T16:35:57.071434
28	夫妻5年沙漠种出6000余亩树	398200	新	2020-08-24T16:35:57.071557
29	微博收购TS战队	377859		2020-08-24T16:35:57.071707
30	假如顾里生日来吃重庆小面	371003		2020-08-24T16:35:57.071830
31	杨超越白鹤造型	345807		2020-08-24T16:35:57.071956
32	王一博水蓝色印花衬衫	332770		2020-08-24T16:35:57.072094
33	美警察对黑人连开7枪	329589	新	2020-08-24T16:35:57.072220
34	外交部回应TikTok起诉美国政府	307467		2020-08-24T16:35:57.072368
35	且听凤鸣	294102	新	2020-08-24T16:35:57.072495
36	成都晚霞	238786		2020-08-24T16:35:57.072640
37	济南火烧云	231203		2020-08-24T16:35:57.072762
38	哈利波特伍德近照	229716		2020-08-24T16:35:57.072884
39	凌霄 我这辈子都是你的人	229529	新	2020-08-24T16:35:57.073008
40	逃离家暴有多难	228411		2020-08-24T16:35:57.073158
41	高人竟在我身边	213961		2020-08-24T16:35:57.073281
42	我国稻麦库存均能满足1年以上需求	207813		2020-08-24T16:35:57.073403
43	送你一朵小红花定档	205260		2020-08-24T16:35:57.073533
44	若玉疯了	204132	新	2020-08-24T16:35:57.073658
45	欧阳娜娜泳装	203749		2020-08-24T16:35:57.073802
46	三伏天终于过完了	186088		2020-08-24T16:35:57.073923
47	司凤为璇玑挡刀	185034	新	2020-08-24T16:35:57.074044
48	彩霞礼裙	183796		2020-08-24T16:35:57.074188
49	基金	183328		2020-08-24T16:35:57.074307
50	七夕文案	183107		2020-08-24T16:35:57.074425
