排名	关键词	热度	特征	时间
1	陈赫ins	4528774	热	2020-09-04T06:57:34.992515
2	美国拖欠世卫8000万美元会费要赖账	2967188		2020-09-04T06:57:34.992651
3	花木兰	2793121	荐	2020-09-04T06:57:34.992744
4	王一博换包了	2386964	沸	2020-09-04T06:57:34.992855
5	崔雪莉纪录片预告	1980495	新	2020-09-04T06:57:34.992963
6	人人公益节	1878579	荐	2020-09-04T06:57:34.993065
7	梁颖	1651733	沸	2020-09-04T06:57:34.993168
8	央视中秋晚会首波阵容	1175634	沸	2020-09-04T06:57:34.993270
9	格力与小米达成战略合作	766234	新	2020-09-04T06:57:34.993372
10	江西高院受理张玉环国家赔偿申请	536418	新	2020-09-04T06:57:34.993478
11	这才是真正的学区房	536088	热	2020-09-04T06:57:34.993582
12	罗志祥 关你屁事	535443	热	2020-09-04T06:57:34.993685
13	6成上班族存款10万才敢辞职	535138		2020-09-04T06:57:34.993788
14	未经备案禁止前往可可西里	534739		2020-09-04T06:57:34.993870
15	花木兰口碑	534115		2020-09-04T06:57:34.993951
16	一瓶水卡在冰箱里该怎么办	527924		2020-09-04T06:57:34.994037
17	酸菜鱼香豆腐	515510		2020-09-04T06:57:34.994118
18	AirPods Studio	514235	新	2020-09-04T06:57:34.994198
19	全班按手印不惹怀孕老师生气	506377		2020-09-04T06:57:34.994302
20	A股	499361		2020-09-04T06:57:34.994384
21	王霏霏一镜到底告别vlog	490132	新	2020-09-04T06:57:34.994464
22	重庆人都不胖的原因	483815	新	2020-09-04T06:57:34.994568
23	李现赵丽颖为张含韵打call	478125	热	2020-09-04T06:57:34.994672
24	确保乡村教师平均工资不低于当地公务员	476653	新	2020-09-04T06:57:34.994773
25	千古玦尘	473846		2020-09-04T06:57:34.994877
26	美国想把拖欠世卫会费转缴联合国	464027		2020-09-04T06:57:34.994960
27	张萌揭秘姐姐后台vlog	452281	新	2020-09-04T06:57:34.995042
28	罗伯特帕丁森确诊新冠	428825		2020-09-04T06:57:34.995144
29	两岁幼童喝现挤羊奶得布病	407049		2020-09-04T06:57:34.995225
30	股市	406038		2020-09-04T06:57:34.995306
31	当狗子成为社畜时	405831	新	2020-09-04T06:57:34.995386
32	艾米汉莫新恋情	405580	新	2020-09-04T06:57:34.995486
33	任豪古装射箭	373532		2020-09-04T06:57:34.995588
34	美国非裔男子被警察按压窒息而死	348968		2020-09-04T06:57:34.995670
35	旗袍美探	267040		2020-09-04T06:57:34.995752
36	贝鲁特爆炸一个月后废墟中现生命迹象	260424		2020-09-04T06:57:34.995833
37	非日常派对定档	248637		2020-09-04T06:57:34.995916
38	支持者称相信特朗普是上帝派来的	245502	新	2020-09-04T06:57:34.995997
39	要和在乎的人多多见面	241974		2020-09-04T06:57:34.996115
40	韩国超309万名女性独居	234107		2020-09-04T06:57:34.996196
41	台风海神加强为超强台风级	232644	新	2020-09-04T06:57:34.996278
42	王嘉尔港风MV	209085	新	2020-09-04T06:57:34.996386
43	原来外国人也会对山歌	203386	新	2020-09-04T06:57:34.996489
44	小学生上完洗手间后跑错教室	174772		2020-09-04T06:57:34.996590
45	贝索斯前妻晋身世界女首富	157965		2020-09-04T06:57:34.996672
46	陈婷精神状态	157900		2020-09-04T06:57:34.996752
47	快船大胜掘金	150960	新	2020-09-04T06:57:34.996834
48	比特币	147864		2020-09-04T06:57:34.996937
49	北京怀密线粉色系城际列车	126420		2020-09-04T06:57:34.997018
50	体育生们在宿舍是这样健身的	126173		2020-09-04T06:57:34.997098
