排名	关键词	热度	特征	时间
1	安崎	4737822	热	2020-06-29T06:49:45.356026
2	高校不准强迫毕业生签订就业协议	1740071	沸	2020-06-29T06:49:45.356140
3	60s爆笑挑战	1595597	荐	2020-06-29T06:49:45.356240
4	澳大利亚曾在中国大使馆装窃听器	1445226	新	2020-06-29T06:49:45.356333
5	何猷君奚梦瑶同游迪士尼	1405090	新	2020-06-29T06:49:45.356423
6	一起做个题	1402676		2020-06-29T06:49:45.356512
7	韩栋	1402315	热	2020-06-29T06:49:45.356585
8	专家回应螺蛳拟列为二级保护动物	1338970		2020-06-29T06:49:45.356672
9	瑞幸咖啡正式退市	1213215	新	2020-06-29T06:49:45.356743
10	每18秒就有1人因新冠死亡	1141821		2020-06-29T06:49:45.356831
11	香港电台未获邀制作香港回归庆典仪式	1120005		2020-06-29T06:49:45.356901
12	张歆艺儿子给金晨打call	1114977	热	2020-06-29T06:49:45.356970
13	中国妇女社会地位调查7月1日开始	1111674		2020-06-29T06:49:45.357056
14	俄罗斯唯一一只柯基警犬退休	1110560	新	2020-06-29T06:49:45.357125
15	心疼ROX	1105832		2020-06-29T06:49:45.357211
16	难产的羊毛毡	1101403		2020-06-29T06:49:45.357281
17	伊能静谈教王丽坤王智唱歌	1100934	热	2020-06-29T06:49:45.357350
18	白色口罩易引发皮肤问题	1094471	新	2020-06-29T06:49:45.357437
19	将同学抱起扔下4楼案开庭	1072082	新	2020-06-29T06:49:45.357524
20	郭艾伦违反防疫规定遭处罚	803607		2020-06-29T06:49:45.357610
21	天涯客定妆照	605602		2020-06-29T06:49:45.357678
22	电饭锅还有副业	591417	新	2020-06-29T06:49:45.357746
23	张远粉丝ID	538975		2020-06-29T06:49:45.357832
24	餐桌上的禁忌有哪些	446496	新	2020-06-29T06:49:45.357901
25	女校长让1600多名女孩走出大山	425110		2020-06-29T06:49:45.357993
26	想摸狗狗要叫姐姐	415421		2020-06-29T06:49:45.358074
27	三明市长命令全市考场装空调	411339		2020-06-29T06:49:45.358152
28	胡兵一个人跳舞	396565		2020-06-29T06:49:45.358230
29	湖南一男子持刀伤7人后自杀	370398		2020-06-29T06:49:45.358306
30	上百万网民请愿修改美国国旗	340061		2020-06-29T06:49:45.358384
31	美国密西西比州更改州旗	298878		2020-06-29T06:49:45.358461
32	明星超拽发言实录	298468		2020-06-29T06:49:45.358538
33	2岁男孩穿纸尿裤跳街舞	294098		2020-06-29T06:49:45.358616
34	花海孙尚香五杀	256550		2020-06-29T06:49:45.358693
35	坚决防止因疫情造成新的辍学	215378		2020-06-29T06:49:45.358770
36	御三家死亡之组	200248		2020-06-29T06:49:45.358848
37	陈卓璇 半山腰太挤了	199597		2020-06-29T06:49:45.358925
38	北京新发地疫情首位治愈者出院	188214		2020-06-29T06:49:45.359002
39	加拿大瑜伽课堂搬到罩子里	187539	新	2020-06-29T06:49:45.359080
40	高晓松	180998		2020-06-29T06:49:45.359177
41	拜腾烧光84亿造不出量产车	169484		2020-06-29T06:49:45.359254
42	车企巨头纷纷抱团取暖	164263		2020-06-29T06:49:45.359331
43	瑞幸开店数量半年减少80%	162996		2020-06-29T06:49:45.359407
44	天天向上	161838		2020-06-29T06:49:45.359484
45	北京新增确诊7例	149278		2020-06-29T06:49:45.359561
46	孙珍妮淘汰	142665		2020-06-29T06:49:45.359639
47	花一个月工资给108名毕业生买鞋	142495		2020-06-29T06:49:45.359716
48	全球企业反种族主义浪潮不断升级	132026	新	2020-06-29T06:49:45.359792
49	小娘惹	119519		2020-06-29T06:49:45.359887
50	证监会回应向商业银行发放券商牌照	102239	新	2020-06-29T06:49:45.359963
