排名	关键词	热度	特征	时间
1	章子怡夸Angelababy演技	2667067	热	2020-09-01T16:54:36.341070
2	华春莹称美国是真正的云窃密江湖大盗	2229048		2020-09-01T16:54:36.341254
3	郭麒麟装新家了	2137018	荐	2020-09-01T16:54:36.341382
4	李尖尖贺子秋给凌霄过生日	1966105	新	2020-09-01T16:54:36.341535
5	肖战	1815087	沸	2020-09-01T16:54:36.341684
6	黄老板得女	1622979	热	2020-09-01T16:54:36.341830
7	贺梅没有再婚生子	1499083	新	2020-09-01T16:54:36.341978
8	领走5岁女童嫌犯涉嫌强奸被刑拘	949259	沸	2020-09-01T16:54:36.342124
9	TCL大股东误操作卖出500万股	898889	新	2020-09-01T16:54:36.342279
10	女校长当面吃光学生剩饭	873629		2020-09-01T16:54:36.342449
11	42克金手镯洗完只剩20克	840458		2020-09-01T16:54:36.342578
12	苹果要求今年生产8000万部5G手机	566013		2020-09-01T16:54:36.342707
13	张定宇微笑讲述自己的渐冻症	479582	新	2020-09-01T16:54:36.342837
14	开学第一课	477064		2020-09-01T16:54:36.342997
15	沈腾拒绝李汶翰	477025		2020-09-01T16:54:36.343126
16	谭松韵母亲车祸案肇事者父亲回应	476846	热	2020-09-01T16:54:36.343255
17	钟南山谈抗疫说中国人的命最重要	475825		2020-09-01T16:54:36.343416
18	遭家暴跳楼女子接受央视采访	474550		2020-09-01T16:54:36.343544
19	王宝丽	473699		2020-09-01T16:54:36.343672
20	7岁男孩泳池排便被索赔1万5	472569		2020-09-01T16:54:36.343797
21	猫咪通宵等主人电话	472024		2020-09-01T16:54:36.343924
22	sp姑获鸟	471096	新	2020-09-01T16:54:36.344066
23	李尖尖怼人	436903	新	2020-09-01T16:54:36.344220
24	企业领导每天鞠躬迎送员工	397618	新	2020-09-01T16:54:36.344366
25	司凤璇玑相会	381448		2020-09-01T16:54:36.344447
26	N号房主犯曾考虑品牌化运营	371597		2020-09-01T16:54:36.344497
27	外交部回应美大学驱逐我公费留学生	366172		2020-09-01T16:54:36.344549
28	全猪宴	364967		2020-09-01T16:54:36.344602
29	假冒名包比真包先上市	364448		2020-09-01T16:54:36.344656
30	离人心上	364147		2020-09-01T16:54:36.344709
31	当你开学有自我介绍时	299114	新	2020-09-01T16:54:36.344762
32	漫威群星悼念黑豹男主	295788	新	2020-09-01T16:54:36.344828
33	故宫雨后现天空之镜	291529		2020-09-01T16:54:36.344895
34	特朗普考虑限制中国留学生	285220		2020-09-01T16:54:36.344948
35	洛杉矶黑人男子被警方枪杀	282047		2020-09-01T16:54:36.345001
36	三亚餐厨垃圾新规最高罚100万	276083	新	2020-09-01T16:54:36.345054
37	急先锋定档	260500		2020-09-01T16:54:36.345121
38	璇玑被逼发毒誓	240697	新	2020-09-01T16:54:36.345173
39	枕上书将在日本播出	240352		2020-09-01T16:54:36.345239
40	悲伤它追上我了	229665		2020-09-01T16:54:36.345292
41	昊辰还在挑拨	226366		2020-09-01T16:54:36.345345
42	Netflix拍剧版三体	218760	新	2020-09-01T16:54:36.345398
43	兼职赚150元后倒欠税款11万	212541		2020-09-01T16:54:36.345464
44	今年我国发生三级以上地震428次	210296		2020-09-01T16:54:36.345517
45	男孩收清华录取书前在工地打工	210185		2020-09-01T16:54:36.345570
46	王霏霏告白姐姐vlog	201103		2020-09-01T16:54:36.345623
47	武汉乘地铁公放最高罚200元	171463		2020-09-01T16:54:36.345676
48	以家人之名	166101		2020-09-01T16:54:36.345729
49	网易内部倡导用昵称代替哥姐总等称呼	138791		2020-09-01T16:54:36.345782
50	蔡徐坤时尚先生封面	134416		2020-09-01T16:54:36.345835
