排名	关键词	热度	特征	时间
1	何猷君微博认证	6134253	新	2020-05-29T07:39:55.413452
2	家暴出轨不受离婚冷静期限制	884612	沸	2020-05-29T07:39:55.413589
3	重燃2020 一起安慕希	860438	荐	2020-05-29T07:39:55.413705
4	李佳航李晟相处模式	854011	新	2020-05-29T07:39:55.413816
5	林郑月娥致信全港市民	659455	新	2020-05-29T07:39:55.413926
6	王俊凯全世界都是别人	620365		2020-05-29T07:39:55.414033
7	九类未成年人遭不法侵害须立即报案	568546		2020-05-29T07:39:55.414120
8	李宇春青你2最终舞台特别呈现	523026	热	2020-05-29T07:39:55.414205
9	广州多区中小学今起校园内脱口罩	508651	新	2020-05-29T07:39:55.414314
10	中国驻澳使馆发文质问澳大利亚	477398		2020-05-29T07:39:55.414421
11	李兰娟 吸烟者感染后变重症风险更大	420152		2020-05-29T07:39:55.414508
12	陈冲女儿哈佛毕业	419907	新	2020-05-29T07:39:55.414593
13	中国6亿人月收入仅1000元	416772	沸	2020-05-29T07:39:55.414701
14	国内首座横向摩天楼明日开放	409754		2020-05-29T07:39:55.414808
15	国家明确家养畜禽范围不包含狗	353721	新	2020-05-29T07:39:55.414894
16	美国明尼阿波利斯市进入紧急状态	334246		2020-05-29T07:39:55.415000
17	香港特区政府强烈反对美国涉港报告	334083		2020-05-29T07:39:55.415087
18	公安部指导支持香港警队止暴制乱	333931		2020-05-29T07:39:55.415173
19	蔡徐坤被小女孩捏脸	333736		2020-05-29T07:39:55.415258
20	林书豪为被暴力执法致死黑人发声	333335	新	2020-05-29T07:39:55.415343
21	张文宏 留美学生一下课赶快跑	333188	新	2020-05-29T07:39:55.415451
22	马伊琍	332899	热	2020-05-29T07:39:55.415559
23	意大利透明口罩	332690		2020-05-29T07:39:55.415665
24	canna亮老鼠	332438	新	2020-05-29T07:39:55.415752
25	婆婆和妈妈	332237		2020-05-29T07:39:55.415858
26	奇妙小森林阵容	332185	新	2020-05-29T07:39:55.415944
27	郑爽泡面刘海	331867		2020-05-29T07:39:55.416062
28	杨幂舞剑	331704	新	2020-05-29T07:39:55.416149
29	男子头大戴不上头盔	331428		2020-05-29T07:39:55.416255
30	长期不上班是啥体验	296103		2020-05-29T07:39:55.416339
31	哈利波特魔法觉醒	292266		2020-05-29T07:39:55.416424
32	姜潮妈妈婚前给麦迪娜买房	285621		2020-05-29T07:39:55.416511
33	林志颖妈妈陈若仪相处	281479		2020-05-29T07:39:55.416595
34	棕熊母子多次到管护站蹭吃	257759		2020-05-29T07:39:55.416679
35	鸿是江边鸟的下联	210885		2020-05-29T07:39:55.416763
36	人太过聪明通透有什么不好	196778		2020-05-29T07:39:55.416848
37	乃万短发	195100		2020-05-29T07:39:55.416932
38	鹿晗动漫风MV	192433	新	2020-05-29T07:39:55.417016
39	西藏藏羚羊大规模迁徙	171592		2020-05-29T07:39:55.417122
40	中国驻美大使馆就香港事务发声	169887		2020-05-29T07:39:55.417208
41	和死神擦肩而过的经历	157000		2020-05-29T07:39:55.417292
42	郑钧越努力越心酸	156999		2020-05-29T07:39:55.417377
43	陈粒且慢	153559		2020-05-29T07:39:55.417460
44	甜系樱花眼妆	146643	新	2020-05-29T07:39:55.417543
45	小学每天28名家长轮值护学	141699		2020-05-29T07:39:55.417650
46	暴力抗议后的明尼阿波利斯早晨	139383		2020-05-29T07:39:55.417737
47	你会因为年龄大而相亲吗	139011	新	2020-05-29T07:39:55.417824
48	大学生游泳网课	138768	新	2020-05-29T07:39:55.417932
49	Smeb重返KT	138749		2020-05-29T07:39:55.418046
50	长大后终于明白的道理	136286		2020-05-29T07:39:55.418143
