排名	关键词	热度	特征	时间
1	章子怡夸Angelababy演技	1122960	沸	2020-09-01T18:45:46.248267
2	华春莹称美国是真正的云窃密江湖大盗	838344		2020-09-01T18:45:46.248467
3	祖玛珑解构馥奇	807225	荐	2020-09-01T18:45:46.248608
4	黄老板得女	751902	热	2020-09-01T18:45:46.248781
5	肖战	736500	沸	2020-09-01T18:45:46.248942
6	realme真我X7	705103	荐	2020-09-01T18:45:46.249102
7	被陈婷气死	641355	新	2020-09-01T18:45:46.249261
8	李尖尖贺子秋给凌霄过生日	547538	新	2020-09-01T18:45:46.249418
9	领走5岁女童嫌犯涉嫌强奸被刑拘	516719	沸	2020-09-01T18:45:46.249576
10	TCL大股东误操作卖出500万股	489025	新	2020-09-01T18:45:46.249735
11	贺梅没有再婚生子	483894		2020-09-01T18:45:46.249894
12	女校长当面吃光学生剩饭	459944		2020-09-01T18:45:46.250021
13	42克金手镯洗完只剩20克	341733		2020-09-01T18:45:46.250146
14	漫威群星悼念黑豹男主	309220	新	2020-09-01T18:45:46.250271
15	钟南山谈抗疫说中国人的命最重要	274992		2020-09-01T18:45:46.250427
16	Netflix拍剧版三体	268024	新	2020-09-01T18:45:46.250553
17	苹果要求今年生产8000万部5G手机	265758		2020-09-01T18:45:46.250711
18	李尖尖怼人	251884	新	2020-09-01T18:45:46.250841
19	企业领导每天鞠躬迎送员工	235452	新	2020-09-01T18:45:46.251002
20	王宝丽	232814		2020-09-01T18:45:46.251162
21	7岁男孩泳池排便被索赔1万5	232487		2020-09-01T18:45:46.251291
22	猫咪通宵等主人电话	232422		2020-09-01T18:45:46.251419
23	谭松韵母亲车祸案肇事者父亲回应	230984	热	2020-09-01T18:45:46.251543
24	sp姑获鸟	225436		2020-09-01T18:45:46.251700
25	洛杉矶黑人男子被警方枪杀	218324		2020-09-01T18:45:46.251828
26	璇玑被逼发毒誓	215881	新	2020-09-01T18:45:46.251953
27	开学第一课	210024		2020-09-01T18:45:46.252123
28	遭家暴跳楼女子接受央视采访	170504		2020-09-01T18:45:46.252249
29	外交部回应美大学驱逐我公费留学生	162444		2020-09-01T18:45:46.252373
30	假冒名包比真包先上市	159384		2020-09-01T18:45:46.252497
31	张定宇微笑讲述自己的渐冻症	156656		2020-09-01T18:45:46.252621
32	N号房主犯曾考虑品牌化运营	148293		2020-09-01T18:45:46.252745
33	离人心上	144403		2020-09-01T18:45:46.252868
34	故宫雨后现天空之镜	142645		2020-09-01T18:45:46.252995
35	特朗普考虑限制中国留学生	136161		2020-09-01T18:45:46.253120
36	司凤璇玑相会	135232		2020-09-01T18:45:46.253243
37	邱海波等9位江苏援疆专家凯旋	133136	新	2020-09-01T18:45:46.253367
38	全猪宴	130546		2020-09-01T18:45:46.253522
39	悲伤它追上我了	129283		2020-09-01T18:45:46.253645
40	三亚餐厨垃圾新规最高罚100万	129115	新	2020-09-01T18:45:46.253770
41	急先锋定档	122776		2020-09-01T18:45:46.253927
42	枕上书将在日本播出	116369		2020-09-01T18:45:46.254051
43	兼职赚150元后倒欠税款11万	113656		2020-09-01T18:45:46.254174
44	男孩收清华录取书前在工地打工	104064		2020-09-01T18:45:46.254298
45	当你开学有自我介绍时	101536		2020-09-01T18:45:46.254424
46	今年我国发生三级以上地震428次	100447		2020-09-01T18:45:46.254549
47	昊辰还在挑拨	99520		2020-09-01T18:45:46.254673
48	网易内部倡导用昵称代替哥姐总等称呼	93693		2020-09-01T18:45:46.254798
49	王霏霏告白姐姐vlog	84417		2020-09-01T18:45:46.254922
50	武汉乘地铁公放最高罚200元	83329		2020-09-01T18:45:46.255046
