排名	关键词	热度	特征	时间
1	李海潮 那肯定没问题	228556		2020-09-03T23:38:52.032185
2	内地已派427名核酸检测队员支援香港	116656		2020-09-03T23:38:52.032342
3	陈婷精神状态	115611		2020-09-03T23:38:52.032473
4	乃万工作室道歉	113334		2020-09-03T23:38:52.032597
5	沈腾马丽再合作	89649		2020-09-03T23:38:52.032715
6	25岁该不该养老	89631	荐	2020-09-03T23:38:52.032867
7	以家人之名预告	89559		2020-09-03T23:38:52.033027
8	大学生开学日去世捐献眼角膜和遗体	65384		2020-09-03T23:38:52.033142
9	要求学生自带床板校长被停职	64943		2020-09-03T23:38:52.033225
10	印巴交火一名印度军官死亡	63770		2020-09-03T23:38:52.033285
11	薛之谦火锅店声明	62327		2020-09-03T23:38:52.033345
12	罗志祥ins点赞	60963	热	2020-09-03T23:38:52.033406
13	想看贺梅怼陈婷	60875		2020-09-03T23:38:52.033483
14	璇玑追夫成功	60708		2020-09-03T23:38:52.033544
15	我国每学期用掉超19.4亿张塑料书皮	57612		2020-09-03T23:38:52.033605
16	乘风破浪的姐姐 男嘉宾	55134	热	2020-09-03T23:38:52.033665
17	退伍军人回家母亲瞬间跳到儿子身上	55129		2020-09-03T23:38:52.033741
18	美股	53580		2020-09-03T23:38:52.033802
19	湖南女生把滞留外地的武汉女孩接到家	53268		2020-09-03T23:38:52.033863
20	纳什担任篮网新任主教练	51931		2020-09-03T23:38:52.033923
21	刘诗诗港风封面	51310		2020-09-03T23:38:52.033983
22	大学围墙站满了外卖小哥	51131		2020-09-03T23:38:52.034042
23	上海查获4亿元假动漫手办	51119		2020-09-03T23:38:52.034101
24	王嘉尔生图	47734		2020-09-03T23:38:52.034162
25	美方官员视中国留学生为间谍是妄想症	47096		2020-09-03T23:38:52.034222
26	公司要求员工自愿签奋斗者协议	46890		2020-09-03T23:38:52.034282
27	离人心上	41851		2020-09-03T23:38:52.034342
28	成龙北京两套豪宅将被拍卖	39609		2020-09-03T23:38:52.034401
29	731部队成员审判录音片段公布	38950		2020-09-03T23:38:52.034462
30	印度或将有三成餐厅倒闭	38864		2020-09-03T23:38:52.034521
31	杨幂蓝色油画大片	38812		2020-09-03T23:38:52.034580
32	郑爽 我在给自己一个任性的过程	34907		2020-09-03T23:38:52.034639
33	我和我的家乡神笔马亮	34853		2020-09-03T23:38:52.034699
34	兵哥哥退伍后向女友报到	34599		2020-09-03T23:38:52.034759
35	华春莹称美国反华势力已丧失理性	33156		2020-09-03T23:38:52.034818
36	教官回应女生军训被蜜蜂爬脸	33060		2020-09-03T23:38:52.034877
37	海豹原来是这样睡觉的	32383		2020-09-03T23:38:52.034936
38	黄正音申请离婚	32232		2020-09-03T23:38:52.034995
39	火鸡面芝士脆皮鸡	31741		2020-09-03T23:38:52.035054
40	在劫难逃刺激	31519		2020-09-03T23:38:52.035113
41	王者荣耀	30485		2020-09-03T23:38:52.035172
42	张艺兴 嘲笑我可以不要嘲笑努力	30268		2020-09-03T23:38:52.035231
43	姜贞羽小号发文	29800		2020-09-03T23:38:52.035291
44	原来鹿真是这么打架的	29065		2020-09-03T23:38:52.035351
45	陈赫	28278		2020-09-03T23:38:52.035410
46	和平精英	27690		2020-09-03T23:38:52.035468
47	台风美莎克	27300		2020-09-03T23:38:52.035528
48	阴阳师	26250		2020-09-03T23:38:52.035586
49	抗日战争胜利75周年	25013		2020-09-03T23:38:52.035646
50	NBA	24702		2020-09-03T23:38:52.035704
