排名	关键词	热度	特征	时间
1	伊能静	4354768	沸	2020-06-30T07:58:35.207316
2	黄之锋宣布退出港独组织	2221915	沸	2020-06-30T07:58:35.207453
3	宁静用宁夏表白姐姐们	1766837	新	2020-06-30T07:58:35.207570
4	于正回应	1736859	新	2020-06-30T07:58:35.207682
5	麦当劳中国将停用塑料吸管	1196803		2020-06-30T07:58:35.207793
6	美国宣布取消香港特殊相关待遇	1104953		2020-06-30T07:58:35.207881
7	北京高考成绩7月25日发布	752355	新	2020-06-30T07:58:35.207969
8	中餐厅	729521	热	2020-06-30T07:58:35.208094
9	印度禁用59款中国App	689050		2020-06-30T07:58:35.208205
10	湖南广电回应动画人物染发	476080		2020-06-30T07:58:35.208293
11	邓莎 当年男朋友一直是大麟子爸爸	470817	热	2020-06-30T07:58:35.208387
12	2020上半年最后一天	452274		2020-06-30T07:58:35.208513
13	申纪兰临终遗愿	452229		2020-06-30T07:58:35.208611
14	北京高考生明天打印准考证	452093	新	2020-06-30T07:58:35.208707
15	7月新规	451911		2020-06-30T07:58:35.208829
16	限韩令	451742	新	2020-06-30T07:58:35.208927
17	老干妈	451600	新	2020-06-30T07:58:35.209047
18	虞书欣朋友圈内容被卖	451499	热	2020-06-30T07:58:35.209168
19	诺兰不允许片场放椅子	451311		2020-06-30T07:58:35.209289
20	陈情令导演发文	451302	热	2020-06-30T07:58:35.209384
21	向太回应郭碧婷发文	448724	热	2020-06-30T07:58:35.209503
22	化妆品广告不得明示暗示有医疗作用	444213		2020-06-30T07:58:35.209623
23	凭演技让你害怕的角色	427707		2020-06-30T07:58:35.209719
24	当代成年人下班后的状态	398845		2020-06-30T07:58:35.209813
25	GDP四强省份人口吸引力排名	324171	新	2020-06-30T07:58:35.209903
26	郑爽挂耳发饰	321552		2020-06-30T07:58:35.210016
27	许飞 成年人的温暖是很宝贵的	315196		2020-06-30T07:58:35.210104
28	太阳马戏团申请破产	303901		2020-06-30T07:58:35.210191
29	个税年度汇算最后一天	280813	新	2020-06-30T07:58:35.210276
30	国安法	273736		2020-06-30T07:58:35.210391
31	蔡徐坤燕尾服	272679		2020-06-30T07:58:35.210486
32	鹿晗蓝发	271262		2020-06-30T07:58:35.210580
33	奔跑的边牧和哈士奇	257294		2020-06-30T07:58:35.210674
34	丁威迪新冠检测呈阳性	236138		2020-06-30T07:58:35.210770
35	养猫前后的长辈	226828		2020-06-30T07:58:35.210863
36	金莎带秤吃饭	211991		2020-06-30T07:58:35.210958
37	早期台湾综艺有多好笑	204602		2020-06-30T07:58:35.211051
38	综艺爆笑翻车大赏	199070		2020-06-30T07:58:35.211146
39	汽车起火男子猛踹4脚救3人	189917		2020-06-30T07:58:35.211242
40	上海新增4例确诊	169814		2020-06-30T07:58:35.211338
41	高考鸿运妆	169218		2020-06-30T07:58:35.211434
42	残疾大叔补鞋30年供出大学生女儿	158260		2020-06-30T07:58:35.211529
43	人大师生默哀一分钟	157656		2020-06-30T07:58:35.211624
44	申纪兰遗体告别仪式举行	155762	新	2020-06-30T07:58:35.211716
45	东风快递硬核版你的答案	154079	新	2020-06-30T07:58:35.211835
46	高校用云梯升降机帮毕业生搬行李	153504	新	2020-06-30T07:58:35.211954
47	三分之一美国人不愿接种新冠疫苗	153349		2020-06-30T07:58:35.212090
48	林郑月娥回应美国制裁措施	150217		2020-06-30T07:58:35.212186
49	苟晶	148954		2020-06-30T07:58:35.212280
50	近半数美国人已失业	148314		2020-06-30T07:58:35.212375
