排名	关键词	热度	特征	时间
1	李晟儿子学妈妈说话	3585119	新	2020-05-24T07:55:39.042385
2	建议通过调剂周末再增6个小长假	2364648		2020-05-24T07:55:39.042516
3	哎哟不错奥利奥	2184450	荐	2020-05-24T07:55:39.042605
4	秦昊曾要求伊能静退赛	1763987	热	2020-05-24T07:55:39.042714
5	谢可寅音量	1541667	新	2020-05-24T07:55:39.042818
6	正骨后的小鬼	1500697	沸	2020-05-24T07:55:39.042922
7	中国总资产已经达到1302万亿元	1036155	新	2020-05-24T07:55:39.043024
8	政协委员说台独势力是蚍蜉撼树	417209		2020-05-24T07:55:39.043127
9	港区政协委员建议彻底铲除港独生存土壤	367839	新	2020-05-24T07:55:39.043213
10	喻言变温柔了	353401	沸	2020-05-24T07:55:39.043316
11	王俊凯探访最高检	353209	沸	2020-05-24T07:55:39.043424
12	470余尊佛像凿在1块巨石上	332724		2020-05-24T07:55:39.043542
13	粉笔模考	292908		2020-05-24T07:55:39.043634
14	建议为中小学幼儿园配备专职保安	256475		2020-05-24T07:55:39.043723
15	印度诺基亚工厂18名员工感染新冠	230189		2020-05-24T07:55:39.043813
16	建议将传播虐待动物视频纳入公益诉讼	228624		2020-05-24T07:55:39.043904
17	给男朋友发两张相似的图	228462	新	2020-05-24T07:55:39.043994
18	为什么广东人普遍都很瘦	228304	新	2020-05-24T07:55:39.044121
19	减肥餐让我精神分裂	227907		2020-05-24T07:55:39.044234
20	两个人都笑才是开玩笑	227746	新	2020-05-24T07:55:39.044323
21	车库被淹洪水完美倒车入库	227504	新	2020-05-24T07:55:39.044435
22	火箭少女配音葫芦娃	227033	新	2020-05-24T07:55:39.044546
23	你不知道的手机隐藏功能	226942		2020-05-24T07:55:39.044658
24	沙漠之城敦煌有多迷人	226633		2020-05-24T07:55:39.044748
25	朋友圈式交友相亲	226156		2020-05-24T07:55:39.044836
26	酒桌文化有多讨厌	226126		2020-05-24T07:55:39.044926
27	用最温柔的语气说最狠的话	218429		2020-05-24T07:55:39.045016
28	周游记	211788		2020-05-24T07:55:39.045105
29	今年中国经济怎么干	187827	新	2020-05-24T07:55:39.045193
30	政协委员谈南方供暖需求问题	164071		2020-05-24T07:55:39.045305
31	你因为怕鬼做过哪些傻事	158983		2020-05-24T07:55:39.045394
32	开斋节	156034		2020-05-24T07:55:39.045483
33	张伯礼回应审议现场落泪	154948		2020-05-24T07:55:39.045572
34	建议对个人信息进行分类分级保护	151160		2020-05-24T07:55:39.045661
35	全面5G网络覆盖还需5至8年	149778		2020-05-24T07:55:39.045749
36	吉林高风险地区出动无人机消毒	138578	新	2020-05-24T07:55:39.045839
37	美国新冠病毒感染病例超过161万例	138171		2020-05-24T07:55:39.045952
38	纽约时报提前公布次日头版	111731		2020-05-24T07:55:39.046041
39	期待Lisa组	111240		2020-05-24T07:55:39.046128
40	360回应被美列入实体清单	108816		2020-05-24T07:55:39.046216
41	高伟光情商	101777		2020-05-24T07:55:39.046304
42	建议将过度弹窗运营商纳入失信名单	98113		2020-05-24T07:55:39.046392
43	狗狗与小主人合作偷吃	96248	新	2020-05-24T07:55:39.046481
44	建议地铁建立免安检白名单	94993		2020-05-24T07:55:39.046595
45	幸福触手可及	94916		2020-05-24T07:55:39.046683
46	如何看待国漫的崛起	89262	新	2020-05-24T07:55:39.046771
47	4岁女孩全国跳绳比赛连夺7冠	88737	新	2020-05-24T07:55:39.046883
48	建议联合港澳在深圳建设期货交易所	88535		2020-05-24T07:55:39.046995
49	建议推进太极拳进奥运	88256		2020-05-24T07:55:39.047083
50	吴昕跳舞	78233		2020-05-24T07:55:39.047171
