排名	关键词	热度	特征	时间
1	黄龄工作室发视频回应	2973869	新	2020-09-05T09:51:40.460376
2	特朗普宣称中国死亡人数比美国多得多	1906403	沸	2020-09-05T09:51:40.460458
3	陈钰琪私宠时刻	1539266	荐	2020-09-05T09:51:40.460526
4	谭炳文去世	1403475		2020-09-05T09:51:40.460590
5	花木兰评分	1228433	新	2020-09-05T09:51:40.460641
6	姐姐成团 花少	1162459	热	2020-09-05T09:51:40.460704
7	我发誓以后再不搞选秀	884795	沸	2020-09-05T09:51:40.460767
8	当事人回应4层楼房突然坍塌	810294	新	2020-09-05T09:51:40.460830
9	火箭vs湖人	748585		2020-09-05T09:51:40.460892
10	阿朵最后用辫子打鼓	745358		2020-09-05T09:51:40.460942
11	薇娅道歉	623354	热	2020-09-05T09:51:40.460991
12	宁静最后的发言 底气和胆识	519398		2020-09-05T09:51:40.461053
13	山东巨型火烧云	515310		2020-09-05T09:51:40.461102
14	24头野生亚洲象进入云南宁洱	508208		2020-09-05T09:51:40.461151
15	外婆望远镜看孙子上幼儿园	504890		2020-09-05T09:51:40.461201
16	新冠肺炎已成美国第二大致死原因	501304		2020-09-05T09:51:40.461250
17	特朗普政府考虑将中芯国际列入黑名单	490927	新	2020-09-05T09:51:40.461299
18	00后女狙击手光荣退伍	490556		2020-09-05T09:51:40.461360
19	退伍兵叔叔端枪式抱小侄女	487722		2020-09-05T09:51:40.461408
20	杨澜像极了下班的你	473449		2020-09-05T09:51:40.461458
21	万茜情绪大片	469011	新	2020-09-05T09:51:40.461507
22	西北民族大学通报265名学生不适	451113	新	2020-09-05T09:51:40.461577
23	萌娃因名字难写大哭	442857		2020-09-05T09:51:40.461646
24	西安一高校每日供应1元特惠菜	432806		2020-09-05T09:51:40.461700
25	英国主播直播中大骂口罩并剪碎	430016	新	2020-09-05T09:51:40.461755
26	张雨绮 巴黎不远队也不长	429617		2020-09-05T09:51:40.461823
27	有些鸭走着走着就散了	428974	新	2020-09-05T09:51:40.461878
28	西安涉黑村支书获刑24年	378554	新	2020-09-05T09:51:40.461946
29	法院受理罗冠军与梁颖纠纷案	365141		2020-09-05T09:51:40.462013
30	有个学法律朋友的重要性	361166		2020-09-05T09:51:40.462066
31	芒果台	360583		2020-09-05T09:51:40.462120
32	李权哲秒删	293534		2020-09-05T09:51:40.462174
33	养猫后怎么吃饭	284506	新	2020-09-05T09:51:40.462228
34	中印国防部长在莫斯科举行会晤	244459		2020-09-05T09:51:40.462295
35	开车碾压草原被罚把草种回去	241528	新	2020-09-05T09:51:40.462349
36	成团采访 李斯丹妮组穿队服	231316		2020-09-05T09:51:40.462417
37	日语和河南话原来是相同的	226243		2020-09-05T09:51:40.462471
38	贵阳最窄人行道宽不足40厘米	198545	新	2020-09-05T09:51:40.462526
39	最不舍得结束的夏日限定	197075	新	2020-09-05T09:51:40.462592
40	北部湾大量珊瑚白化面临死亡	138291	新	2020-09-05T09:51:40.462659
41	詹姆斯末节0分	124926	新	2020-09-05T09:51:40.462728
42	中级财管	121754	新	2020-09-05T09:51:40.462796
43	芒果运镜	119393	新	2020-09-05T09:51:40.462862
44	成都跳河救人的哥告别会举行	118532	新	2020-09-05T09:51:40.462929
45	赵丽颖哭的镜头	118380		2020-09-05T09:51:40.462996
46	中级会计	117931		2020-09-05T09:51:40.463049
47	2K21能力值	105166		2020-09-05T09:51:40.463103
48	如何看待梁颖罗冠军事件	89263		2020-09-05T09:51:40.463156
49	刘诗诗流光溢彩大片	89114		2020-09-05T09:51:40.463208
50	信条票房	88535		2020-09-05T09:51:40.463261
