排名	关键词	热度	特征	时间
1	建议禁止单身女性冷冻卵子	4524557	沸	2020-05-25T11:53:42.663682
2	郭碧婷	1394030	热	2020-05-25T11:53:42.663821
3	2020让时光回弹	1261417	荐	2020-05-25T11:53:42.663939
4	李宇春青你2决赛	1217212	沸	2020-05-25T11:53:42.664066
5	张智霖拍袁咏仪追李敏镐新剧	1177095	新	2020-05-25T11:53:42.664181
6	选秀名场面大赏	1025641		2020-05-25T11:53:42.664292
7	小舍得官宣	963779		2020-05-25T11:53:42.664382
8	1万亿元抗疫特别国债怎么发怎么用	777675	新	2020-05-25T11:53:42.664477
9	村上春树推出疫情电台	693545	新	2020-05-25T11:53:42.664603
10	人大代表谈直播带货	633998		2020-05-25T11:53:42.664724
11	是我站得还不够高吗	513809	沸	2020-05-25T11:53:42.664820
12	五月天线上演唱会时间	465698	新	2020-05-25T11:53:42.664939
13	3700余人涉疫情犯罪被批捕	385050	新	2020-05-25T11:53:42.665060
14	醉驾取代盗窃成为刑事追诉第一犯罪	384843	新	2020-05-25T11:53:42.665180
15	香港特区政府驳斥外国政客对港言论	384533		2020-05-25T11:53:42.665299
16	提供学生玩水线索最高奖500元	384279		2020-05-25T11:53:42.665394
17	张雨绮我特别想要C位	384013	热	2020-05-25T11:53:42.665488
18	小红书崩了	383875	新	2020-05-25T11:53:42.665608
19	学生返校忘记密码打不开书柜	383486		2020-05-25T11:53:42.665727
20	男朋友敷衍起来是什么样	383445		2020-05-25T11:53:42.665824
21	用林黛玉语气和爸爸说话	335322		2020-05-25T11:53:42.665918
22	Asura离队	304225	新	2020-05-25T11:53:42.666015
23	和你通过话的客服也许是他	268081		2020-05-25T11:53:42.666135
24	白玉雪冰爆浆奶茶冻	259875		2020-05-25T11:53:42.666229
25	豆瓣崩了	225558		2020-05-25T11:53:42.666324
26	LPL转会期	209443		2020-05-25T11:53:42.666419
27	体测800米后的感受	194361		2020-05-25T11:53:42.666513
28	女孩玩高空项目坠落多处骨折	191052	新	2020-05-25T11:53:42.666606
29	苞娜	184329		2020-05-25T11:53:42.666725
30	用emoji形容你的专业	167978		2020-05-25T11:53:42.666818
31	男团沙雕行为大赏	161427		2020-05-25T11:53:42.666912
32	赞比亚	158921		2020-05-25T11:53:42.667006
33	黑龙江高三学生再次返校复学	157385		2020-05-25T11:53:42.667100
34	保安人工移动雨棚送放学小朋友	145856	新	2020-05-25T11:53:42.667196
35	坚决防止谁能闹谁有理等和稀泥做法	143769	新	2020-05-25T11:53:42.667316
36	日本将全面解除紧急事态宣言	141530		2020-05-25T11:53:42.667435
37	你心中的电竞top人	137601		2020-05-25T11:53:42.667529
38	月上重火定档	135551		2020-05-25T11:53:42.667623
39	成都又见雪山	129509		2020-05-25T11:53:42.667716
40	初吻时的尴尬经历	113541		2020-05-25T11:53:42.667809
41	个人信息保护法将制定	112792		2020-05-25T11:53:42.667902
42	废除对民营企业的不平等规定	112554	新	2020-05-25T11:53:42.667994
43	建议将血脂血糖检测纳入青少年体检	109323		2020-05-25T11:53:42.668128
44	外贸外资提供直接间接就业超2亿人	107058	新	2020-05-25T11:53:42.668225
45	侵犯知识产权犯罪增长56.6倍	106820	新	2020-05-25T11:53:42.668345
46	湖北高校毕业年级6月8日起返校	106792		2020-05-25T11:53:42.668465
47	起诉各类侵害未成年人犯罪62948人	104514	新	2020-05-25T11:53:42.668561
48	高层停电是什么体验	103160		2020-05-25T11:53:42.668680
49	驱逐舰舰长电台听到祖国万岁	99898		2020-05-25T11:53:42.668772
50	广州从化云海	99507		2020-05-25T11:53:42.668868
