排名	关键词	热度	特征	时间
1	袁姗姗道歉	3712567	热	2020-05-28T16:35:59.739400
2	警方通报云南女生被多名男生殴打	3614517	沸	2020-05-28T16:35:59.739512
3	OPPO联名EVA	3577775	荐	2020-05-28T16:35:59.739609
4	赵丽颖 健身有点小优势	3560484	新	2020-05-28T16:35:59.739701
5	丁禹兮 我不会离开大家的哦	2861096	沸	2020-05-28T16:35:59.739792
6	婚姻法	2443346	沸	2020-05-28T16:35:59.739884
7	秋蝉	1230927	新	2020-05-28T16:35:59.739974
8	离婚冷静期	960470	沸	2020-05-28T16:35:59.740077
9	林郑月娥声明	906352		2020-05-28T16:35:59.740169
10	全球六分之一年轻人因疫情失业	862991	新	2020-05-28T16:35:59.740242
11	罗云熙眼神	855837	沸	2020-05-28T16:35:59.740334
12	TES晋级半决赛	842232	新	2020-05-28T16:35:59.740425
13	拉斯维加斯赌场老板送1000张单程机票	831754		2020-05-28T16:35:59.740516
14	FPX晋级	825428		2020-05-28T16:35:59.740590
15	韩国选秀节目翻车现场	807422		2020-05-28T16:35:59.740661
16	燃烧	793566		2020-05-28T16:35:59.740736
17	陈钰琪 可爱	785165	新	2020-05-28T16:35:59.740808
18	塌鼻梁的女生能有多好看	778727	热	2020-05-28T16:35:59.740899
19	机智的医生生活第一季大结局	767692	新	2020-05-28T16:35:59.740988
20	应届生的身份到底多重要	650933		2020-05-28T16:35:59.741078
21	郑爽打许魏洲有多疼	650173	热	2020-05-28T16:35:59.741150
22	当官方也开始玩谐音梗	539932	新	2020-05-28T16:35:59.741257
23	月上重火	514562		2020-05-28T16:35:59.741349
24	荔枝的正确打开方式	454980		2020-05-28T16:35:59.741422
25	两会	411994		2020-05-28T16:35:59.741493
26	黄晓明问killingpart是啥	408405	热	2020-05-28T16:35:59.741565
27	张艺兴长沙话rap	401434	新	2020-05-28T16:35:59.741656
28	国内油价连续第五次不做调整	389485		2020-05-28T16:35:59.741746
29	十三届全国人大三次会议闭幕	379098		2020-05-28T16:35:59.741822
30	美国示威者暴力冲击3家警局	377147		2020-05-28T16:35:59.741893
31	LadyGaga和BLACKPINK的新歌	371257		2020-05-28T16:35:59.741964
32	翟天临	362175		2020-05-28T16:35:59.742036
33	农民用烧火棍在墙头作画	341374	新	2020-05-28T16:35:59.742112
34	香港立法会二读通过国歌条例草案	328537		2020-05-28T16:35:59.742202
35	纪委介入禄丰县一女生被男生殴打事件	323444		2020-05-28T16:35:59.742279
36	民法典	301153		2020-05-28T16:35:59.742354
37	人脸图案口罩	285128		2020-05-28T16:35:59.742435
38	你学的专业出过哪些名人	273155		2020-05-28T16:35:59.742512
39	演员不露脸不能入围金球奖	266684		2020-05-28T16:35:59.742588
40	冰箱出口订单排到8月份	264639		2020-05-28T16:35:59.742665
41	李荣浩评论杨丞琳好久不见	245517		2020-05-28T16:35:59.742739
42	港澳办发言人谈人大涉港决议	244541	新	2020-05-28T16:35:59.742815
43	美国部分示威者焚烧美国国旗	244133	新	2020-05-28T16:35:59.742911
44	GAI 没对	242850	新	2020-05-28T16:35:59.743011
45	建议对暴力伤医事件实行追责制	241002	新	2020-05-28T16:35:59.743106
46	TT设计	240326	新	2020-05-28T16:35:59.743215
47	有个学医朋友是什么体验	239664		2020-05-28T16:35:59.743306
48	Doinb MVP	230563		2020-05-28T16:35:59.743383
49	仝卓 往届生改应届生	221549		2020-05-28T16:35:59.743453
50	第一天开学妈妈就接晚了	198690		2020-05-28T16:35:59.743530
