排名	关键词	热度	特征	时间
1	中戏回应仝卓高考身份问题	3817110	沸	2020-05-29T14:51:44.337350
2	CNN报道团队被警方逮捕	2510503	新	2020-05-29T14:51:44.337532
3	理想生活狂欢季	2452379	荐	2020-05-29T14:51:44.337686
4	何鸿燊将于7月出殡	2310073	热	2020-05-29T14:51:44.337836
5	美国暴乱	2259695	沸	2020-05-29T14:51:44.337981
6	会按摩的眼精华	1588893	荐	2020-05-29T14:51:44.338125
7	奔跑吧	1365292	新	2020-05-29T14:51:44.338268
8	农村孩子六一捡树枝给自己做礼物	667478	新	2020-05-29T14:51:44.338411
9	陈冲女儿哈佛毕业	602265	沸	2020-05-29T14:51:44.338568
10	外交部回应孟晚舟事件	494071		2020-05-29T14:51:44.338729
11	吉尼斯认证世界最长寿男性去世	424925		2020-05-29T14:51:44.338858
12	教育部调查仝卓改往届生身份	421815	沸	2020-05-29T14:51:44.338987
13	云南一水电站疑似爆炸	418592	新	2020-05-29T14:51:44.339148
14	与高个女友吵架是什么体验	393185		2020-05-29T14:51:44.339306
15	法院认定人民的名义不构成侵权	360299	新	2020-05-29T14:51:44.339431
16	外交部回应美方称制裁中国留学生	343008	新	2020-05-29T14:51:44.339587
17	四六级考试延期	338638		2020-05-29T14:51:44.339742
18	李宇春青你2最终舞台特别呈现	337133	热	2020-05-29T14:51:44.339866
19	张根硕退伍	336657	新	2020-05-29T14:51:44.340042
20	昕雪	323814	新	2020-05-29T14:51:44.340212
21	跪求播下一季的综艺	314591	新	2020-05-29T14:51:44.340369
22	炙热的我们	308617	新	2020-05-29T14:51:44.340525
23	郑云龙晒伤妆	301477	新	2020-05-29T14:51:44.340681
24	何猷君微博认证	295324	热	2020-05-29T14:51:44.340837
25	美国肯塔基州抗议现场至少7人中枪	287409	新	2020-05-29T14:51:44.340994
26	假如绿茶的目标是女生	280900		2020-05-29T14:51:44.341155
27	最有动漫感的明星	279362		2020-05-29T14:51:44.341279
28	Ning退出游戏	243665	新	2020-05-29T14:51:44.341403
29	多肉荔枝杨梅冰	241840		2020-05-29T14:51:44.341558
30	高中生桌面类型大赏	237990		2020-05-29T14:51:44.341682
31	杨幂舞剑	236402		2020-05-29T14:51:44.341805
32	向往的生活	231105	新	2020-05-29T14:51:44.341930
33	你见过最有寓意的名字	230119	新	2020-05-29T14:51:44.342084
34	青你2芭莎毕业照	228752		2020-05-29T14:51:44.342241
35	李佳航李晟相处模式	224634		2020-05-29T14:51:44.342366
36	美国示威现场发生枪击事件	208786		2020-05-29T14:51:44.342491
37	雪顶酸奶杨枝甘露	200622	新	2020-05-29T14:51:44.342614
38	小偷被抓时身上携带刑法书籍	197968		2020-05-29T14:51:44.342770
39	吉林市为2022名外卖员免费做核酸检测	182700		2020-05-29T14:51:44.342894
40	广东一老师用圆规扎未完成作业学生	166620		2020-05-29T14:51:44.343019
41	TheShy卢锡安	166613		2020-05-29T14:51:44.343144
42	应采儿生下二胎	166590	新	2020-05-29T14:51:44.343266
43	元气橘汁妆	165766	新	2020-05-29T14:51:44.343421
44	男童地铁上守护熟睡妈妈	165182		2020-05-29T14:51:44.343576
45	四个字总结2020上半年	161608	新	2020-05-29T14:51:44.343700
46	巨人最终季预告	159986	新	2020-05-29T14:51:44.343855
47	2020年新一线城市排名	159944	新	2020-05-29T14:51:44.344027
48	iG无缘半决赛	159924	新	2020-05-29T14:51:44.344189
49	蔡徐坤被小女孩捏脸	159916		2020-05-29T14:51:44.344317
50	Kanavi MVP	153168	新	2020-05-29T14:51:44.344405
