排名	关键词	热度	特征	时间
1	张艺兴手机锁屏是队友	3401525	沸	2020-05-23T04:42:53.196938
2	核酸检测结果刷屏武汉微信群	1466478		2020-05-23T04:42:53.197133
3	待你不薄	1456622	荐	2020-05-23T04:42:53.197270
4	宋威龙 笨蛋帅哥代名词	1451767	新	2020-05-23T04:42:53.197434
5	郑恺正义联盟剧照	826894		2020-05-23T04:42:53.197595
6	周刊君带你看两会	752385		2020-05-23T04:42:53.197721
7	巴西累计确诊升至全球第二	645163	新	2020-05-23T04:42:53.197846
8	沙溢让蔡徐坤嗦喽嗦喽	616567	沸	2020-05-23T04:42:53.198004
9	杰里斯隆去世	611754	沸	2020-05-23T04:42:53.198163
10	31省区市首次确诊病例0新增	596825	新	2020-05-23T04:42:53.198320
11	美国新冠肺炎确诊病例超159万	585037		2020-05-23T04:42:53.198477
12	向往的生活	574604		2020-05-23T04:42:53.198603
13	论文称羟氯喹治疗新冠会致死亡增加	571559		2020-05-23T04:42:53.198727
14	巴基斯坦坠机中有乘客幸存	557949		2020-05-23T04:42:53.198854
15	宋凛单恋周放	547355		2020-05-23T04:42:53.198980
16	柳叶刀发布陈薇团队新冠疫苗试验结果	536437		2020-05-23T04:42:53.199106
17	世卫组织称南美成为疫情新震中	523017		2020-05-23T04:42:53.199232
18	买不起房还会结婚吗	506701	新	2020-05-23T04:42:53.199358
19	房子不隔音是什么感受	496078		2020-05-23T04:42:53.199515
20	三星手机系统	494084		2020-05-23T04:42:53.199640
21	金高银演技	491325		2020-05-23T04:42:53.199764
22	无限少女X	484282		2020-05-23T04:42:53.199889
23	这就是维护香港繁荣稳定的决心	474444	新	2020-05-23T04:42:53.200030
24	粉丝应援能有多好笑	387259	新	2020-05-23T04:42:53.200194
25	张国伟蜻蜓点水	381380		2020-05-23T04:42:53.200351
26	第一份工作有多重要	298638		2020-05-23T04:42:53.200476
27	NBA传奇中锋尤因确诊新冠肺炎	291906		2020-05-23T04:42:53.200599
28	广州暴雨引发泥石流	238394		2020-05-23T04:42:53.200724
29	十八岁做过最美好的事	231363	新	2020-05-23T04:42:53.200848
30	建议将产后抑郁诊疗费纳入生育险	229737		2020-05-23T04:42:53.201003
31	抗疫夫妻走进儿子班级讲课	229471	新	2020-05-23T04:42:53.201127
32	盗窃被抓求重判要在监狱学技术	222497	新	2020-05-23T04:42:53.201286
33	永远的君主	221741		2020-05-23T04:42:53.201444
34	小O闯祸张子枫反应	203549	新	2020-05-23T04:42:53.201569
35	建议男性配偶陪产假延长到38天	182097		2020-05-23T04:42:53.201726
36	皮肤差的人有多自卑	171119		2020-05-23T04:42:53.201853
37	英国6月8日起入境须自我隔离两周	165869	新	2020-05-23T04:42:53.201977
38	福建版马尔代夫	160737	新	2020-05-23T04:42:53.202136
39	你上一次情绪失控的原因	156438	新	2020-05-23T04:42:53.202291
40	巴基斯坦坠机事件造成至少86人遇难	152592	新	2020-05-23T04:42:53.202448
41	只有文科生才懂的梗	145785		2020-05-23T04:42:53.202606
42	哪一刻让你觉得青春结束了	137771		2020-05-23T04:42:53.202731
43	全球新冠确诊累计超520万	129396	新	2020-05-23T04:42:53.202855
44	大头菜	102230	新	2020-05-23T04:42:53.203012
45	奔跑吧先导片	99547		2020-05-23T04:42:53.203168
46	祁连山脚下的美	95193		2020-05-23T04:42:53.203291
47	31省区市新增无症状感染者28例	89044		2020-05-23T04:42:53.203417
48	央美院长谈国漫创作	77635	新	2020-05-23T04:42:53.203541
49	Hero吃鹅	74632		2020-05-23T04:42:53.203696
50	广州出现云墙	73060		2020-05-23T04:42:53.203819
