排名	关键词	热度	特征	时间
1	孙九香	3677100	沸	2020-09-10T14:48:43.655816
2	日本将于16日确定新首相人选	2232492	新	2020-09-10T14:48:43.656018
3	唐嫣 复工肌肤状态	2164351	荐	2020-09-10T14:48:43.656180
4	新闻联播新主播潘涛	2147315	新	2020-09-10T14:48:43.656329
5	邓超 这是个什么综艺	1019095	热	2020-09-10T14:48:43.656488
6	人生一课	984982	荐	2020-09-10T14:48:43.656631
7	阚清子被经纪人逼减肥	756683	热	2020-09-10T14:48:43.656774
8	蒙古向中国捐赠3万只羊由湖北安排	534752		2020-09-10T14:48:43.656927
9	赵彬彬跳海	497511	新	2020-09-10T14:48:43.657059
10	鸿蒙2.0	446150		2020-09-10T14:48:43.657220
11	素媛案罪犯首次表示忏悔	446107		2020-09-10T14:48:43.657349
12	马思纯瘦了十斤	446081	热	2020-09-10T14:48:43.657475
13	一年级小朋友名叫朱穆朗玛峰	445977		2020-09-10T14:48:43.657635
14	美国旧金山天空变成橙色	369775		2020-09-10T14:48:43.657764
15	四十正好	362930		2020-09-10T14:48:43.657890
16	在劫难逃大结局	318894	新	2020-09-10T14:48:43.658017
17	黎巴嫩首都贝鲁特港口再现大火	318731	新	2020-09-10T14:48:43.658173
18	西藏军区演练无人机为前线送餐	318466		2020-09-10T14:48:43.658332
19	铁路部门临时调整车票预售期	318130	新	2020-09-10T14:48:43.658462
20	华为开发者大会	317722		2020-09-10T14:48:43.658623
21	金韩彬	317190	新	2020-09-10T14:48:43.658750
22	欧阳夏丹去哪了	317053	新	2020-09-10T14:48:43.658906
23	栾云平	316610		2020-09-10T14:48:43.659062
24	原来小碗菜还有这样的	316175	新	2020-09-10T14:48:43.659186
25	大方县补发教师4.79亿工资津贴	315901		2020-09-10T14:48:43.659344
26	秋季穿搭look	315486		2020-09-10T14:48:43.659472
27	熙华	315085	新	2020-09-10T14:48:43.659595
28	迪丽热巴身材	315035		2020-09-10T14:48:43.659751
29	教师节	314437		2020-09-10T14:48:43.659875
30	外交部回应美驻华大使投稿事件	314114		2020-09-10T14:48:43.660009
31	少女大人	313829	新	2020-09-10T14:48:43.660146
32	林俊杰新歌交换余生	313344		2020-09-10T14:48:43.660302
33	亲爱的自己	313310	新	2020-09-10T14:48:43.660426
34	泰国国王为诗妮娜贵妃作画	311517		2020-09-10T14:48:43.660580
35	中国关于联合国成立75周年立场文件	280158		2020-09-10T14:48:43.660703
36	糖豆人	278697		2020-09-10T14:48:43.660828
37	任嘉伦工作室律师声明	278176		2020-09-10T14:48:43.660951
38	杨紫井柏然 女心理师	266065		2020-09-10T14:48:43.661075
39	杨祐宁结婚登记现场照	222249		2020-09-10T14:48:43.661199
40	小伙自驾游西藏一路捡了500多袋垃圾	210826		2020-09-10T14:48:43.661322
41	深圳彩虹	201221		2020-09-10T14:48:43.661445
42	男子进女邻居家偷吃自称有原则	197910		2020-09-10T14:48:43.661568
43	警方通报两男子穿囚服上街	193430		2020-09-10T14:48:43.661693
44	李易峰条纹西装	171403	新	2020-09-10T14:48:43.661817
45	长安诺	158911	新	2020-09-10T14:48:43.661973
46	耳朵的工作量太大了	157603		2020-09-10T14:48:43.662130
47	丁彦雨航与山东男篮合同到期	142299	新	2020-09-10T14:48:43.662259
48	珠海彩虹	136820	新	2020-09-10T14:48:43.662414
49	越野车恶意碾压拖行致交警殉职	132795		2020-09-10T14:48:43.662571
50	谢娜模仿李尖尖不好惹	116469	新	2020-09-10T14:48:43.662698
