排名	关键词	热度	特征	时间
1	于小彤 陈小纭	7351120	新	2020-07-02T06:51:41.911563
2	体温37.3℃以下方可进入高考考点	4054105	新	2020-07-02T06:51:41.911744
3	老干妈称腾讯从来没有催收过	2035939	沸	2020-07-02T06:51:41.911899
4	腾讯张军回应字节跳动副总裁吐槽	1572182	新	2020-07-02T06:51:41.912066
5	韩国华城连环杀人案调查结果	1506198		2020-07-02T06:51:41.912215
6	吴亦凡编织袋	1473216		2020-07-02T06:51:41.912330
7	贾跃亭宣布破产重组完成	1463588		2020-07-02T06:51:41.912443
8	金秀贤新剧被投诉尺度过大	1395078	热	2020-07-02T06:51:41.912556
9	员工自愿放弃社保单位不能免责	1287634		2020-07-02T06:51:41.912698
10	陈孝志发文喊话伊能静	1267580	热	2020-07-02T06:51:41.912809
11	杀破狼主演	1007591	新	2020-07-02T06:51:41.912950
12	新冠病毒灭活疫苗生产车间在武汉落成	726201		2020-07-02T06:51:41.913091
13	取消企图冒名顶替新生的入学资格	657054		2020-07-02T06:51:41.913203
14	字节跳动副总裁吐槽腾讯	641577	热	2020-07-02T06:51:41.913315
15	中俄边境两只熊打架致老虎观测相机毁坏	614474		2020-07-02T06:51:41.913454
16	纳豆到底有多难吃	585679	新	2020-07-02T06:51:41.913567
17	老干妈版无价之姐MV	564946		2020-07-02T06:51:41.913707
18	牙膏列为普通化妆品禁止宣称美白	552455		2020-07-02T06:51:41.913818
19	假如一觉睡醒发现在读高三	530311		2020-07-02T06:51:41.913930
20	律师解读腾讯老干妈事件	494424	新	2020-07-02T06:51:41.914042
21	和闺蜜一起吃吃喝喝	416999		2020-07-02T06:51:41.914191
22	咸蛋黄肉松南瓜派	402393	新	2020-07-02T06:51:41.914321
23	高中时偏科最严重的学科	334963		2020-07-02T06:51:41.914481
24	三亚一酒店涉嫌非法捕捞二级保护动物	334639		2020-07-02T06:51:41.914605
25	鬼灭之刃剧场版台湾定档	318174	新	2020-07-02T06:51:41.914730
26	白酒股	311848	新	2020-07-02T06:51:41.914886
27	世卫强调在中国出现的猪流感不是新病毒	272576		2020-07-02T06:51:41.915044
28	莫迪微博	259855		2020-07-02T06:51:41.915168
29	林湘自杀	259174		2020-07-02T06:51:41.915291
30	刺伤港警男子遭亲友举报机场被抓	259063		2020-07-02T06:51:41.915414
31	北京尚有4个高风险地区	224695		2020-07-02T06:51:41.915537
32	波士顿林肯解放黑奴雕像将被移除	213407		2020-07-02T06:51:41.915660
33	中国公司市值500强	191079		2020-07-02T06:51:41.915784
34	驻港部队称坚决拥护香港国安法	187595		2020-07-02T06:51:41.915908
35	湖北江西等5省局地有大暴雨	185268		2020-07-02T06:51:41.916046
36	不要跟穿船袜的人握手	181893		2020-07-02T06:51:41.916179
37	老干妈的商标	181305		2020-07-02T06:51:41.916303
38	仲夏海藻蓝美甲	176332	新	2020-07-02T06:51:41.916427
39	李沁黑衣造型	165717		2020-07-02T06:51:41.916583
40	光头刘sir介绍香港警方新警告旗	163145		2020-07-02T06:51:41.916708
41	中国电影导演协会初评入围名单	150084		2020-07-02T06:51:41.916832
42	杀人回忆	147641	新	2020-07-02T06:51:41.916956
43	水产品可能被新冠病毒污染而不是感染	147288		2020-07-02T06:51:41.917110
44	北京确诊外卖骑手可以出院了	147253	新	2020-07-02T06:51:41.917232
45	创造营总决赛预告	147253	新	2020-07-02T06:51:41.917386
46	韩警方抓获131名N号房影像购买者	147252		2020-07-02T06:51:41.917539
47	瑞幸咖啡宣布内部调查基本完成	142752		2020-07-02T06:51:41.917664
48	研究称小行星撞击地球是恐龙灭绝主因	138338		2020-07-02T06:51:41.917785
49	贵州赫章4.5级地震	136723	新	2020-07-02T06:51:41.917908
50	俄卫生部警告新冠或致男性不育	133388		2020-07-02T06:51:41.918063
