排名	关键词	热度	特征	时间
1	致非洲裔男子死亡的前警察出庭日期推迟	2337259	热	2020-06-02T15:43:51.590582
2	欧美明星集体发纯黑图片	2063356	新	2020-06-02T15:43:51.590721
3	雷佳音把pick打成PK	1786999	新	2020-06-02T15:43:51.590838
4	幼儿园复学全班只来了1人	1485497	新	2020-06-02T15:43:51.590950
5	吴世勋评论张艺兴	1376266	沸	2020-06-02T15:43:51.591060
6	吴优吴淼带货首秀	1363094	荐	2020-06-02T15:43:51.591169
7	爱奇艺回应法院判决	1306939	新	2020-06-02T15:43:51.591275
8	端午节放假安排	1129664		2020-06-02T15:43:51.591382
9	西安21名教师联名举报校长违规	937498		2020-06-02T15:43:51.591467
10	香港	873669		2020-06-02T15:43:51.591554
11	黄渤喊话孙红雷下场battle	866048		2020-06-02T15:43:51.591639
12	爱奇艺超前点播庆余年被判违法	858553	热	2020-06-02T15:43:51.591725
13	周放拒绝宋凛	843149	新	2020-06-02T15:43:51.591833
14	广州中小学7月22日起放暑假	579798	新	2020-06-02T15:43:51.591947
15	外交部回应蓬佩奥称让港人赴美避难	440218		2020-06-02T15:43:51.592085
16	建筑系毕业生手绘大学14处建筑	436684	新	2020-06-02T15:43:51.592178
17	刘恺威	422155	新	2020-06-02T15:43:51.592293
18	沉默的羔羊台湾重映	415170	新	2020-06-02T15:43:51.592414
19	姐姐跟弟弟说想交个男朋友	410475	热	2020-06-02T15:43:51.592535
20	多名反虐猫志愿者遭人肉	386451		2020-06-02T15:43:51.592654
21	炎亚纶	383554	热	2020-06-02T15:43:51.592750
22	花嫁礼裙	327596		2020-06-02T15:43:51.592867
23	航班主动推迟起飞等96名同胞回国	282744		2020-06-02T15:43:51.592958
24	花苞裤礼裙	266434		2020-06-02T15:43:51.593054
25	李兰娟回应湖北人到外地受到过度防控	260473		2020-06-02T15:43:51.593147
26	美军四星上将现身华盛顿抗议现场	252974		2020-06-02T15:43:51.593242
27	仙桃汽水爆浆雪媚娘	237817		2020-06-02T15:43:51.593336
28	当谐音梗和传统结合	229874		2020-06-02T15:43:51.593429
29	黑人大哥哽咽劝16岁少年	227724		2020-06-02T15:43:51.593523
30	泡泡玛特赴港上市	222629	新	2020-06-02T15:43:51.593615
31	深圳个人破产条例征求意见	217237	新	2020-06-02T15:43:51.593733
32	川航备降事件机长缺氧飞行近20分钟	209417	新	2020-06-02T15:43:51.593855
33	萌娃尝试把知识装进脑袋	205985		2020-06-02T15:43:51.593975
34	李兰娟说武汉市是安全的武汉人是健康的	196195		2020-06-02T15:43:51.594068
35	全美至少140个城市发生抗议	193593		2020-06-02T15:43:51.594162
36	江歌妈妈代理律师首次发声	190677		2020-06-02T15:43:51.594256
37	毒舌版倩女幽魂	187969		2020-06-02T15:43:51.594352
38	桂林米粉店将分三个等级	184118		2020-06-02T15:43:51.594445
39	三叉戟	179654	新	2020-06-02T15:43:51.594538
40	王振华被撤销全国劳动模范称号	172716		2020-06-02T15:43:51.594656
41	在美中国留学生拍摄暴力示威	161949		2020-06-02T15:43:51.594749
42	流程式睡觉	161849		2020-06-02T15:43:51.594844
43	背男童交警察小学生被评优秀少先队员	158615	新	2020-06-02T15:43:51.594937
44	武汉无症状感染者在痊愈者中占比极低	157328		2020-06-02T15:43:51.595056
45	阿卡丽加强	148582		2020-06-02T15:43:51.595151
46	暴雨来袭民众坐铲车出行	141679	新	2020-06-02T15:43:51.595244
47	金属流苏礼服	138443	新	2020-06-02T15:43:51.595363
48	快速把人气到的新方法	138385	新	2020-06-02T15:43:51.595482
49	繁星点点礼裙	138369		2020-06-02T15:43:51.595598
50	扩大退役大学生士兵专硕招生规模	122574		2020-06-02T15:43:51.595693
