排名	关键词	热度	特征	时间
1	鹿晗 没想到会和黄子韬跳女团舞	4339594	沸	2020-05-01T07:35:59.480467
2	以成绩胁迫女生发生关系老师被刑拘	3158751	沸	2020-05-01T07:35:59.480598
3	刘江去世	3021148	新	2020-05-01T07:35:59.480712
4	邓紫棋与男友组装桌子	2158406	热	2020-05-01T07:35:59.480822
5	马思纯钟楚曦芭莎封面	2141205	新	2020-05-01T07:35:59.480930
6	秦牛正威温柔	1391489	沸	2020-05-01T07:35:59.481036
7	俄罗斯总理新冠阳性普京长叹一口气	1157566	新	2020-05-01T07:35:59.481140
8	梁岗	859154		2020-05-01T07:35:59.481244
9	纪宝贝13岁了	839558		2020-05-01T07:35:59.481328
10	木村拓哉木村光希为木村心美庆生	833822		2020-05-01T07:35:59.481412
11	女留学生不到一个月被骗500多万	705807		2020-05-01T07:35:59.481495
12	五一假期首日的杭州西湖	648779		2020-05-01T07:35:59.481577
13	青春有你剪辑	396410		2020-05-01T07:35:59.481660
14	回国留学生确诊住院行李被酒店销毁	365733		2020-05-01T07:35:59.481741
15	五一劳动节	354592		2020-05-01T07:35:59.481824
16	这辈子都不会买泡泡袖了	353797	新	2020-05-01T07:35:59.481907
17	赖冠霖停更日常生活照	350450	新	2020-05-01T07:35:59.482011
18	王者荣耀崩了	346211		2020-05-01T07:35:59.482115
19	上学时很火但消失了的品牌	342173		2020-05-01T07:35:59.482198
20	杨紫青簪行路透	337490		2020-05-01T07:35:59.482280
21	彭斯妻子称不知道诊所戴口罩规定	336964		2020-05-01T07:35:59.482363
22	外卖小哥之间能有多可爱	332529		2020-05-01T07:35:59.482446
23	美国夫妇在动森上完婚	330321		2020-05-01T07:35:59.482528
24	你身边长期不上班的人	306945		2020-05-01T07:35:59.482611
25	曾可妮马甲线	300815		2020-05-01T07:35:59.482695
26	鬼吹灯片头题字是潘粤明写的	299101		2020-05-01T07:35:59.482777
27	解是我对数学最后的尊重	287019	新	2020-05-01T07:35:59.482859
28	天空出现橘色棉花糖云朵	267291	新	2020-05-01T07:35:59.482970
29	特斯拉降价	263729		2020-05-01T07:35:59.483089
30	李现GQ封面	263053		2020-05-01T07:35:59.483183
31	吴亦凡THROWBACK	262323	新	2020-05-01T07:35:59.483276
32	央视五一特别节目嘉宾阵容	253913		2020-05-01T07:35:59.483390
33	外交部 中方没有兴趣干预美国大选	232205		2020-05-01T07:35:59.483483
34	新冠时期的爱情	228258		2020-05-01T07:35:59.483575
35	戴燕妮 从头到尾没赢过	226556		2020-05-01T07:35:59.483665
36	Ella表扬乃万	226095		2020-05-01T07:35:59.483757
37	五月	223440		2020-05-01T07:35:59.483847
38	适合五月发朋友圈的文案	204848		2020-05-01T07:35:59.483939
39	五一后9省份高校陆续开学	204768		2020-05-01T07:35:59.484030
40	当你和朋友约好出去玩	171857	新	2020-05-01T07:35:59.484122
41	A50	164790		2020-05-01T07:35:59.484254
42	陈粒 自然环境	144905		2020-05-01T07:35:59.484346
43	郭涛道歉	140488		2020-05-01T07:35:59.484438
44	警察送迷路女孩回家被骗去买冰糕	134355	新	2020-05-01T07:35:59.484530
45	诡秘之主完结	134334	新	2020-05-01T07:35:59.484644
46	西湖五一期间执行实名预约购票	134323	新	2020-05-01T07:35:59.484758
47	古生物学家发现中生代新物种	130811		2020-05-01T07:35:59.484873
48	美国新冠肺炎确诊超106万例	119447		2020-05-01T07:35:59.484965
49	青春有你	101027		2020-05-01T07:35:59.485056
50	五一随手拍	85356	新	2020-05-01T07:35:59.485147
