排名	关键词	热度	特征	时间
1	仝卓继父被免职	2284356	热	2020-06-24T18:45:49.149028
2	两男孩车内窒息车主发声	1247158	新	2020-06-24T18:45:49.149213
3	警方通报牛萌萌吸毒被拘	937339	沸	2020-06-24T18:45:49.149371
4	隐秘的角落	857471		2020-06-24T18:45:49.149519
5	狗子都有人接	700698	沸	2020-06-24T18:45:49.149637
6	房产微盘点	687518	荐	2020-06-24T18:45:49.149781
7	刘雨昕生图	606550	沸	2020-06-24T18:45:49.149923
8	严良工具人	433320		2020-06-24T18:45:49.150066
9	俄罗斯胜利日阅兵	382587	沸	2020-06-24T18:45:49.150179
10	康养中心死者曾30天瘦40斤	349871		2020-06-24T18:45:49.150322
11	于正 我对渣男蠢女不感兴趣	349581	热	2020-06-24T18:45:49.150440
12	密室大逃脱定档	349331		2020-06-24T18:45:49.150584
13	康明凯之妻要求释放孟晚舟	349048		2020-06-24T18:45:49.150698
14	局中人	348823		2020-06-24T18:45:49.150812
15	北京超50%确诊为核酸筛查发现	348258		2020-06-24T18:45:49.150924
16	巴基斯坦公布失事客机初步调查	348225		2020-06-24T18:45:49.151036
17	孟佳	347583	热	2020-06-24T18:45:49.151148
18	高三女生课间靠男同桌肩膀小憩	347532		2020-06-24T18:45:49.151300
19	芋泥啵啵奶茶粽	346913		2020-06-24T18:45:49.151431
20	日本老爷爷用Excel画画	346803	新	2020-06-24T18:45:49.151560
21	姜潮麦迪娜版无价之姐	346522	新	2020-06-24T18:45:49.151719
22	货车侧翻满车iPhone被烧	346019	新	2020-06-24T18:45:49.151878
23	杂技演员阿尔卑斯山表演死亡之轮	345711	新	2020-06-24T18:45:49.152055
24	为减肥跳绳一不小心拿了世界亚军	345594		2020-06-24T18:45:49.152219
25	少年之名定档	329453		2020-06-24T18:45:49.152346
26	新生三胞胎新冠检测呈阳性	314878		2020-06-24T18:45:49.152472
27	文旅局回应寒山笑世佛表情为原貌	314215	新	2020-06-24T18:45:49.152596
28	宝可梦大集结	293061		2020-06-24T18:45:49.152756
29	国防部回应中印边境冲突	285260		2020-06-24T18:45:49.152880
30	大S汪小菲女儿幼儿园毕业照片	280493		2020-06-24T18:45:49.153003
31	华盛顿警方镇压黑宫自治区抗议者	265905	新	2020-06-24T18:45:49.153127
32	童话与现实的距离	216119	新	2020-06-24T18:45:49.153282
33	失踪人口大结局	183303		2020-06-24T18:45:49.153438
34	福奇 美种族主义致更多非裔死于新冠	181488		2020-06-24T18:45:49.153562
35	农学博士被村民误当反面教材	180054		2020-06-24T18:45:49.153687
36	新京报	170442		2020-06-24T18:45:49.153811
37	北京暴雨	150375		2020-06-24T18:45:49.153935
38	喻言白色西装	148985		2020-06-24T18:45:49.154058
39	井柏然抽烟	145149		2020-06-24T18:45:49.154181
40	粽子应该吃甜的还是咸的	135531		2020-06-24T18:45:49.154305
41	黄光裕狱中12年身价跌210亿	135266		2020-06-24T18:45:49.154429
42	迪丽热巴科技感封面	134226		2020-06-24T18:45:49.154551
43	水蜜桃奶茶奶冻	126433		2020-06-24T18:45:49.154673
44	北京新增一例确诊为19岁送货员	119390		2020-06-24T18:45:49.154796
45	眼镜帅哥图鉴	118084		2020-06-24T18:45:49.154920
46	律师解读两男孩车内窒息身亡	108583		2020-06-24T18:45:49.155043
47	内蒙古大型龙卷风	106352		2020-06-24T18:45:49.155168
48	小孩子的玩具有多好玩	96775		2020-06-24T18:45:49.155291
49	欧盟国家正考虑禁止美公民入境	75436		2020-06-24T18:45:49.155412
50	急诊护士版Mojito	54731		2020-06-24T18:45:49.155535
