排名	关键词	热度	特征	时间
1	中餐厅向赵丽颖道歉	760318	热	2020-09-01T00:39:51.156217
2	外交部副部长约见捷克驻华大使	300812		2020-09-01T00:39:51.156411
3	易烊千玺虚拟形象代言天猫	279172	荐	2020-09-01T00:39:51.156553
4	九月	275938		2020-09-01T00:39:51.156723
5	代入感太强已经住进别墅	259393	沸	2020-09-01T00:39:51.156854
6	谭松韵庭审现场哽咽发言	227488	沸	2020-09-01T00:39:51.157021
7	李湘王岳伦律师声明	226660		2020-09-01T00:39:51.157186
8	西部战区就中印边境局势发表谈话	226310		2020-09-01T00:39:51.157313
9	学校不得强制或暗示购买指定资料	223185		2020-09-01T00:39:51.157444
10	北京火烧云与彩虹同框	220891		2020-09-01T00:39:51.157574
11	紫禁城建成600年大展	220134		2020-09-01T00:39:51.157703
12	甜仇发文	218654	热	2020-09-01T00:39:51.157830
13	疫情致印度童婚事件显著增加	216450		2020-09-01T00:39:51.157990
14	劳荣枝被提起公诉	213508		2020-09-01T00:39:51.158119
15	游客疑似给动物喂口罩被制止	213055		2020-09-01T00:39:51.158247
16	儿子报警称被父亲用摄像头监控	210750		2020-09-01T00:39:51.158373
17	陈婷太吓人了	208191		2020-09-01T00:39:51.158501
18	董明珠回应格力半年报业绩下滑	206458		2020-09-01T00:39:51.158627
19	华为提前解除与澳洲球队赞助合约	204401		2020-09-01T00:39:51.158754
20	麦当劳汉堡薯条藏于鞋盒24年不坏	201679		2020-09-01T00:39:51.158883
21	玉林车站拉客女子已被约谈处罚	201420		2020-09-01T00:39:51.159011
22	李尖尖哄凌霄睡觉	154831		2020-09-01T00:39:51.159140
23	谭松韵后援会	151952		2020-09-01T00:39:51.159266
24	在线旅游网站不得大数据杀熟	130730		2020-09-01T00:39:51.159394
25	谭松韵妈妈被撞案肇事者否认吸毒	129923		2020-09-01T00:39:51.159522
26	小青龙淘汰	126528		2020-09-01T00:39:51.159650
27	不快乐也别焦虑	98392		2020-09-01T00:39:51.159776
28	开学第一课	89948		2020-09-01T00:39:51.159905
29	黎巴嫩总统任命新总理	83830		2020-09-01T00:39:51.160058
30	张起淮	83230		2020-09-01T00:39:51.160188
31	乐视起诉范冰冰及旗下公司	81790		2020-09-01T00:39:51.160313
32	小S古早风大片	76861		2020-09-01T00:39:51.160436
33	养猫的人上厕所不会孤独	69031		2020-09-01T00:39:51.160563
34	李湘力挺王岳伦	65533		2020-09-01T00:39:51.160691
35	当小说里的帅哥变成现实	64800		2020-09-01T00:39:51.160815
36	未经用户同意不得发送商业短信	63415		2020-09-01T00:39:51.160938
37	摩天大楼	61887		2020-09-01T00:39:51.161062
38	朴宝剑正式入伍	60557		2020-09-01T00:39:51.161187
39	iPhone11浸泡8个月后仍可正常运行	56612		2020-09-01T00:39:51.161312
40	陆柯燃暂时缺席THE9团体活动	54781		2020-09-01T00:39:51.161438
41	影视剧里的名人名言	54059		2020-09-01T00:39:51.161564
42	雀斑女生有多好看	53980		2020-09-01T00:39:51.161688
43	有天赋是什么体验	52174		2020-09-01T00:39:51.161813
44	乘风破浪的姐姐水墨画海报	47915		2020-09-01T00:39:51.161938
45	北京彩虹	47596		2020-09-01T00:39:51.162061
46	以家人之名	44628		2020-09-01T00:39:51.162185
47	外交部回应捷克参议院主席率团访台	41994		2020-09-01T00:39:51.162310
48	水果弹珠冰糖葫芦	41562		2020-09-01T00:39:51.162437
49	捷克	41474		2020-09-01T00:39:51.162562
50	广西大学女生安全攻略	40960		2020-09-01T00:39:51.162686
