排名	关键词	热度	特征	时间
1	鲍某某涉嫌性侵案调查情况	5000993	新	2020-09-17T10:43:48.020320
2	李雪琴才华	1352927	沸	2020-09-17T10:43:48.020629
3	左右不是人的恋爱	1233273	荐	2020-09-17T10:43:48.020900
4	鲍毓明被驱逐出境	1221438	新	2020-09-17T10:43:48.021111
5	杨笠可能是从未来返回的逆行人	1031825	沸	2020-09-17T10:43:48.021312
6	李星星	1007115	新	2020-09-17T10:43:48.021522
7	四川发现褪色小熊猫	924277		2020-09-17T10:43:48.021717
8	乱穿衣的季节又到了	807741	沸	2020-09-17T10:43:48.021885
9	字节跳动回应TikTok交易	649559	新	2020-09-17T10:43:48.022087
10	张玉环请求追责16名办案人员	609925		2020-09-17T10:43:48.022286
11	中秋国庆都在一起了你却还是单身	608318		2020-09-17T10:43:48.022458
12	国产鼻喷新冠疫苗进入临床试验	548868	新	2020-09-17T10:43:48.022630
13	骑手送餐50分钟违规6次	522727		2020-09-17T10:43:48.022831
14	2人篡改核酸检测报告从菲律宾回国	484501		2020-09-17T10:43:48.023000
15	晨跑好还是夜跑好	448237		2020-09-17T10:43:48.023171
16	韩女团成员用衣服遮腿被阻止	350159	热	2020-09-17T10:43:48.023334
17	关晓彤蹦迪	347635	热	2020-09-17T10:43:48.023532
18	我国黄金产量连续13年全球第一	337626		2020-09-17T10:43:48.023721
19	沙特发现距今12万年前的人类脚印	322071	新	2020-09-17T10:43:48.023890
20	网络招聘不得含有性别等歧视性内容	311587	新	2020-09-17T10:43:48.024119
21	我在路边喂了一只流浪狗	304386	新	2020-09-17T10:43:48.024347
22	王嘉尔自己导演MV	290257		2020-09-17T10:43:48.024548
23	周冬雨嘉人银十封面	288398		2020-09-17T10:43:48.024710
24	外交部回应美副国务卿访台	287833	新	2020-09-17T10:43:48.024872
25	江南百景图	287330		2020-09-17T10:43:48.025068
26	宇宙都有尽头北京地铁没有	275859		2020-09-17T10:43:48.025228
27	男子吃枣被卡司机教科书式救助	237587		2020-09-17T10:43:48.025392
28	高考623分脑瘫少年坐轮椅军训	234249		2020-09-17T10:43:48.025560
29	教育部取消留学回国人员证明	233555		2020-09-17T10:43:48.025727
30	车停久了都长猫了	233538		2020-09-17T10:43:48.025895
31	巴菲特54年来首次打新	208552		2020-09-17T10:43:48.026055
32	如果奶奶都说你胖的话	208488		2020-09-17T10:43:48.026218
33	鹿晗为关晓彤庆生	206939		2020-09-17T10:43:48.026380
34	传说中的双双醉入爱河	187373		2020-09-17T10:43:48.026545
35	最理想的作息时间	179641		2020-09-17T10:43:48.026734
36	4AM选手王欣退役	163459	新	2020-09-17T10:43:48.026896
37	近视眼的痛你看不透	157908		2020-09-17T10:43:48.027085
38	海昏侯国遗址公园将开园	153637	新	2020-09-17T10:43:48.027245
39	rapstar辣妹妆	148080		2020-09-17T10:43:48.027442
40	军营婚礼新人乘铁甲婚车	125186		2020-09-17T10:43:48.027602
41	新疆CPA取消	124695		2020-09-17T10:43:48.027764
42	廉斯嘉	118451		2020-09-17T10:43:48.027923
43	自如再现甲醛房只退3天房租	118327	新	2020-09-17T10:43:48.028099
44	嘉应学院	118107	新	2020-09-17T10:43:48.028251
45	大唐不夜城不倒翁小姐姐结婚了	118056	新	2020-09-17T10:43:48.028400
46	中国潜艇之父邓三瑞逝世	117829	新	2020-09-17T10:43:48.028552
47	我和我的家乡预告	117666		2020-09-17T10:43:48.028699
48	黄鸿升女友发文悼念	105229		2020-09-17T10:43:48.028824
49	iOS14正式版	92909		2020-09-17T10:43:48.028946
50	帕丁森感染新冠后首次露面	91968		2020-09-17T10:43:48.029062
