排名	关键词	热度	特征	时间
1	俞灏明 原谅我当年的年少无知	2139197	沸	2020-05-20T18:57:37.748535
2	泰国文化部禁止拍摄吻戏	1355145		2020-05-20T18:57:37.748672
3	中国专利好配方	954823	荐	2020-05-20T18:57:37.748766
4	法院驳回赖冠霖上诉申请	848408	新	2020-05-20T18:57:37.748879
5	周放相亲	709130	新	2020-05-20T18:57:37.748986
6	爱TA就盘TA	534812	荐	2020-05-20T18:57:37.749091
7	秦清 五三	418600	新	2020-05-20T18:57:37.749196
8	武汉网红窗帘主人领证	408056	热	2020-05-20T18:57:37.749301
9	建议赋予单身女性实施辅助生育技术权利	351722	沸	2020-05-20T18:57:37.749407
10	剑桥大学取消下一学年所有面对面讲座	337660		2020-05-20T18:57:37.749513
11	武汉全面禁止食用野生动物	327508		2020-05-20T18:57:37.749601
12	绿地开除被举报高管	276303		2020-05-20T18:57:37.749686
13	魏晨结婚	245570	热	2020-05-20T18:57:37.749771
14	亚洲翼装飞行第一人谈极限运动	245552		2020-05-20T18:57:37.749875
15	不戴头盔处罚仅限于摩托车	245145		2020-05-20T18:57:37.749975
16	阴阳师 鬼灭之刃	244644		2020-05-20T18:57:37.750069
17	北京21家房产中介被查处	244390		2020-05-20T18:57:37.750163
18	给女友转账520000元分手后追债	244211	热	2020-05-20T18:57:37.750257
19	罗永浩致歉	243930		2020-05-20T18:57:37.750376
20	体育生邀请邻系女生合拍毕业照	243383	新	2020-05-20T18:57:37.750468
21	被遗弃的孩子当了云爸爸	243162	新	2020-05-20T18:57:37.750586
22	周杰伦昆凌跳舞	243044		2020-05-20T18:57:37.750702
23	李宇春和百对战疫新人大合唱	242971	热	2020-05-20T18:57:37.750795
24	婚姻登记处提示牌闹乌龙	242557		2020-05-20T18:57:37.750912
25	第一次被告白的经历	242442	新	2020-05-20T18:57:37.751007
26	马保国被KO前提醒裁判注意安全	222137		2020-05-20T18:57:37.751125
27	小鬼专辑	217603	新	2020-05-20T18:57:37.751216
28	仪式感不分年龄	210990		2020-05-20T18:57:37.751332
29	朋友圈秀恩爱大赏	172311		2020-05-20T18:57:37.751424
30	国防部连用6个任何回应台湾问题	151866		2020-05-20T18:57:37.751515
31	王俊凯唱夜空中最亮的星	143744		2020-05-20T18:57:37.751610
32	暴风集团被证监会立案调查	130839	新	2020-05-20T18:57:37.751703
33	枯木逢春美甲	130323		2020-05-20T18:57:37.751819
34	冰火脆皮冰淇淋	125169		2020-05-20T18:57:37.751911
35	建议公费师范生不当老师记入诚信档案	117396		2020-05-20T18:57:37.752003
36	出门就是烤自己	115565	新	2020-05-20T18:57:37.752097
37	趁年轻早恋爱	103068		2020-05-20T18:57:37.752227
38	李易峰银发封面	100918		2020-05-20T18:57:37.752323
39	模范生的告白	96154	新	2020-05-20T18:57:37.752416
40	美军F35A战机坠毁	94330		2020-05-20T18:57:37.752533
41	全国在学研究生286.37万人	87075		2020-05-20T18:57:37.752625
42	民政部要求整治天价彩礼低俗婚闹	86159		2020-05-20T18:57:37.752717
43	真人版海贼王计划今年开拍	85821		2020-05-20T18:57:37.752809
44	别去查看QQ空间日志	84250		2020-05-20T18:57:37.752900
45	喜欢你我也是	79665		2020-05-20T18:57:37.752992
46	瑞幸盘前大跌50%	74349		2020-05-20T18:57:37.753082
47	月光美人礼裙	73425		2020-05-20T18:57:37.753176
48	韩萌 施迤	67941		2020-05-20T18:57:37.753268
49	公安部密切关注安全头盔涨价问题	66339		2020-05-20T18:57:37.753361
50	全国共有多少在校生	59022		2020-05-20T18:57:37.753452
