排名	关键词	热度	特征	时间
1	肖战 我不需要应援	2927486	沸	2020-05-11T02:49:46.248995
2	美国新冠肺炎确诊超132万	2391986		2020-05-11T02:49:46.249177
3	王一博燕京啤酒代言人	2094605	荐	2020-05-11T02:49:46.249305
4	张艺凡表情	2065193	新	2020-05-11T02:49:46.249456
5	王俊凯工作室发文抵制私生	1317472	新	2020-05-11T02:49:46.249602
6	迪丽热巴 鹏哥我没有	1041273	沸	2020-05-11T02:49:46.249748
7	吉林新增3例确诊均为舒兰市确诊病例密接	969467	新	2020-05-11T02:49:46.249893
8	美国副总统彭斯进行自我隔离	786227		2020-05-11T02:49:46.250038
9	雷佳音邓伦唱淡黄的长裙	761478	新	2020-05-11T02:49:46.250156
10	清平乐	602161		2020-05-11T02:49:46.250300
11	内蒙古新增7例境外输入	592893	新	2020-05-11T02:49:46.250416
12	吴亦凡创3特派教练	589674		2020-05-11T02:49:46.250560
13	英国最早将于六月重开部分商店和学校	587838	新	2020-05-11T02:49:46.250678
14	极限挑战	581861		2020-05-11T02:49:46.250821
15	美国纽约州不明疾病致3儿童死亡	580669		2020-05-11T02:49:46.250936
16	张贵妃下线	576050		2020-05-11T02:49:46.251053
17	论文除了导师没人想要	571654	新	2020-05-11T02:49:46.251166
18	虎门大桥	568966	新	2020-05-11T02:49:46.251310
19	小牛在线宣布退出	565006		2020-05-11T02:49:46.251452
20	王楚然演技	562166	新	2020-05-11T02:49:46.251567
21	因同学名字才知道的生僻字	540743	新	2020-05-11T02:49:46.251708
22	泪失禁体质有多能哭	479839	新	2020-05-11T02:49:46.251851
23	和同学同名同姓是什么体验	453485	新	2020-05-11T02:49:46.252004
24	中国移动率先发布5G消息APP	445937	新	2020-05-11T02:49:46.252168
25	珠峰99年对比照	444997	新	2020-05-11T02:49:46.252352
26	范仲淹下线	397111		2020-05-11T02:49:46.252516
27	朋友圈女孩的相似流程	317027		2020-05-11T02:49:46.252641
28	贾乃亮雷佳音给邓伦拔罐	311028		2020-05-11T02:49:46.252767
29	吉布提总理为中国专家组授独立日勋章	248800		2020-05-11T02:49:46.252891
30	五月的北京朝霞	245852	新	2020-05-11T02:49:46.253017
31	纽约州85名儿童感染不明综合征	226952	新	2020-05-11T02:49:46.253170
32	因一首歌爱上一部剧	220221		2020-05-11T02:49:46.253326
33	鹿晗模仿黄子韬	216439		2020-05-11T02:49:46.253451
34	奥巴马批评特朗普疫情应对	216180		2020-05-11T02:49:46.253574
35	人大代表建议降低未成年人刑责年龄起点	216140		2020-05-11T02:49:46.253698
36	创造营2020	205514		2020-05-11T02:49:46.253821
37	孟美岐C舞台	195751		2020-05-11T02:49:46.253945
38	徽柔怀吉合奏	178719	新	2020-05-11T02:49:46.254068
39	偷运5名外国人入境获刑2年	174229		2020-05-11T02:49:46.254223
40	去影院最想看的第一部电影	152598		2020-05-11T02:49:46.254346
41	96岁黄永玉手书讣告	152577	新	2020-05-11T02:49:46.254470
42	中国防控措施避免140万人感染	152383	新	2020-05-11T02:49:46.254626
43	扬州发烧友制作4吨重航母模型	151975	新	2020-05-11T02:49:46.254783
44	随手记	151889	新	2020-05-11T02:49:46.254937
45	住建部支持六市80万套政策性租赁住房	151593		2020-05-11T02:49:46.255091
46	载人飞船返回舱为啥露出炯炯眼	151449		2020-05-11T02:49:46.255216
47	雨后初晴的武汉上空	151276	新	2020-05-11T02:49:46.255341
48	当东北话遇到台湾腔	151116		2020-05-11T02:49:46.255495
49	悬崖村安置点新房添家具	138985		2020-05-11T02:49:46.255619
50	多个小区丰巢遭业主封巢	134185		2020-05-11T02:49:46.255741
