排名	关键词	热度	特征	时间
1	伊能静发视频回应	3682694	新	2020-06-30T09:54:39.944109
2	黄之锋宣布退出港独组织	1914471	沸	2020-06-30T09:54:39.944291
3	于正回应	1233527		2020-06-30T09:54:39.944455
4	极限挑战 THE9	1125485	新	2020-06-30T09:54:39.944588
5	宁静用宁夏表白姐姐们	996036		2020-06-30T09:54:39.944749
6	下半年社保5个变化	762813	新	2020-06-30T09:54:39.944877
7	港独组织香港民族阵线解散香港本部	727479		2020-06-30T09:54:39.945035
8	麦当劳中国将停用塑料吸管	711959		2020-06-30T09:54:39.945160
9	隐秘的角落解析	711768	新	2020-06-30T09:54:39.945284
10	颜值对衣服的影响有多大	700162		2020-06-30T09:54:39.945440
11	邓莎 当年男朋友一直是大麟子爸爸	630131	热	2020-06-30T09:54:39.945566
12	蒙古国报告1例初步诊断为鼠疫的病例	595643	新	2020-06-30T09:54:39.945724
13	父亲讲述章莹颖离开的三年	471655	新	2020-06-30T09:54:39.945881
14	美国宣布取消香港特殊相关待遇	466938	热	2020-06-30T09:54:39.946038
15	印度禁用59款中国App	466102		2020-06-30T09:54:39.946196
16	猪流感	465211	热	2020-06-30T09:54:39.946319
17	伊能静	463058	热	2020-06-30T09:54:39.946475
18	腾讯回应起诉老干妈	462537	新	2020-06-30T09:54:39.946631
19	限韩令	460066	热	2020-06-30T09:54:39.946786
20	老干妈	458884		2020-06-30T09:54:39.946944
21	创造营芭莎特工大片	458178	新	2020-06-30T09:54:39.947068
22	虞书欣朋友圈内容被卖	419010	热	2020-06-30T09:54:39.947223
23	中餐厅	362867		2020-06-30T09:54:39.947378
24	陪你吃吃喝喝的男朋友	340880	新	2020-06-30T09:54:39.947501
25	郑爽挂耳发饰	340155		2020-06-30T09:54:39.947655
26	诺兰不允许片场放椅子	325053		2020-06-30T09:54:39.947779
27	猪八戒西部大镖客	311507		2020-06-30T09:54:39.947904
28	吃牛排的样子像极了赶作业	294224		2020-06-30T09:54:39.948042
29	让人惊艳的小朋友	287693	新	2020-06-30T09:54:39.948172
30	2020上半年最后一天	287496		2020-06-30T09:54:39.948329
31	陕师大送毕业生紫光檀木印章	263069	新	2020-06-30T09:54:39.948454
32	还在吃端午的粽子	258237	新	2020-06-30T09:54:39.948613
33	人鱼之泪脚饰	244663		2020-06-30T09:54:39.948769
34	国安法	231582		2020-06-30T09:54:39.948893
35	当代成年人下班后的状态	228282		2020-06-30T09:54:39.949018
36	凭演技让你害怕的角色	211151		2020-06-30T09:54:39.949142
37	当爱鞋的男生遇到下雨天	205577	新	2020-06-30T09:54:39.949264
38	湖南广电回应动画人物染发	194340		2020-06-30T09:54:39.949417
39	蔡徐坤燕尾服	185311		2020-06-30T09:54:39.949541
40	太阳马戏团申请破产	184709		2020-06-30T09:54:39.949666
41	化妆品广告不得明示暗示有医疗作用	181712		2020-06-30T09:54:39.949790
42	新疆男篮不敌八一	169126	新	2020-06-30T09:54:39.949914
43	陕西宝鸡通报六年级女孩小区坠亡	168983	新	2020-06-30T09:54:39.950068
44	打骂网约车司机嫌疑人被刑拘	168911		2020-06-30T09:54:39.950227
45	立法机关建议将冒名顶替上学入刑	159891	新	2020-06-30T09:54:39.950350
46	许飞 成年人的温暖是很宝贵的	156004		2020-06-30T09:54:39.950506
47	北京高考成绩7月25日发布	153086		2020-06-30T09:54:39.950631
48	陈情令导演发文	144073		2020-06-30T09:54:39.950755
49	7月新规	115921		2020-06-30T09:54:39.950878
50	鹿晗蓝发	100248		2020-06-30T09:54:39.951001
