排名	关键词	热度	特征	时间
1	香港首名承认暴动的暴徒被判刑4年	1859573	热	2020-05-15T13:57:38.467783
2	教育局回应中学老师网课宣传肖战	1644026	沸	2020-05-15T13:57:38.467920
3	董明珠又双叒来直播了	1372910	荐	2020-05-15T13:57:38.468037
4	美国酒吧开门45分钟后爆满	966235	新	2020-05-15T13:57:38.468150
5	李若彤腹肌	954737	新	2020-05-15T13:57:38.468284
6	周深教烈儿唱歌	941112	荐	2020-05-15T13:57:38.468409
7	王晴	928535		2020-05-15T13:57:38.468529
8	外交部回应特朗普声称切断中美关系	900934	新	2020-05-15T13:57:38.468625
9	杨祐宁当爸	612024	热	2020-05-15T13:57:38.468746
10	杭州丰巢柜全部恢复正常使用	456830		2020-05-15T13:57:38.468866
11	2019年平均工资出炉	432544		2020-05-15T13:57:38.468962
12	刘敏涛身材	431300		2020-05-15T13:57:38.469056
13	瑞幸北京将关80家店	398114		2020-05-15T13:57:38.469150
14	扎克伯格向8家最爱餐馆捐80万美元	333948		2020-05-15T13:57:38.469246
15	幼儿园开不出工资转行卖烧烤	321591		2020-05-15T13:57:38.469340
16	著名作家叶永烈去世	321029		2020-05-15T13:57:38.469435
17	英国将要求入境人员安装追踪APP	308612	新	2020-05-15T13:57:38.469528
18	吴彦祖	308432	新	2020-05-15T13:57:38.469647
19	微信红包生成器App遭腾讯巨额索赔	308240	热	2020-05-15T13:57:38.469766
20	横店冰雹	308148		2020-05-15T13:57:38.469885
21	我每一件T恤的宿命	307779		2020-05-15T13:57:38.469979
22	厦门中学老师网课宣传肖战	307694		2020-05-15T13:57:38.470072
23	9岁男童开车上路被罚500元	307559		2020-05-15T13:57:38.470167
24	农民工怕脚脏不肯进消防站躲雨	302886		2020-05-15T13:57:38.470264
25	理发时我的词汇量	302135		2020-05-15T13:57:38.470359
26	薯片厚蛋烧	301049		2020-05-15T13:57:38.470452
27	朴智勋去世	296208	热	2020-05-15T13:57:38.470545
28	不想生小孩的主要原因	293449		2020-05-15T13:57:38.470655
29	花朵礼裙	255810	新	2020-05-15T13:57:38.470740
30	国防部回应法国拟售台武器	248921	新	2020-05-15T13:57:38.470846
31	湖北将护士基本工资标准提高10%	248013		2020-05-15T13:57:38.470952
32	退伍军人抱着灭火器爬楼救火	239474	新	2020-05-15T13:57:38.471039
33	睡眠不足的后果	235862		2020-05-15T13:57:38.471146
34	Newbee被ImbaTV禁赛	231409		2020-05-15T13:57:38.471232
35	4月份全国城镇调查失业率为6.0%	222368		2020-05-15T13:57:38.471320
36	肌肉熊面包	217722	新	2020-05-15T13:57:38.471414
37	广西玉林多辆轿车高速逆行	212657	新	2020-05-15T13:57:38.471533
38	丹阳一小作坊发生爆燃	208383	新	2020-05-15T13:57:38.471651
39	国家邮政局约谈丰巢负责人	207439		2020-05-15T13:57:38.471766
40	漫纱仙女裙	201098	新	2020-05-15T13:57:38.471858
41	小学生家长给全班同学编口罩扣	187009		2020-05-15T13:57:38.471974
42	小学生寄6500只口罩给英国友好校	177983		2020-05-15T13:57:38.472066
43	SM公司的显示屏	177724		2020-05-15T13:57:38.472158
44	神农架20年难得一遇云瀑景观	175507		2020-05-15T13:57:38.472267
45	科学家预测控制新冠要4到5年	174414	新	2020-05-15T13:57:38.472361
46	张柏芝点赞王菲照片	172856		2020-05-15T13:57:38.472478
47	工信部公布16款侵害用户权益行为APP	154892	新	2020-05-15T13:57:38.472572
48	哥哥开学妈妈把妹妹也送去了	146835		2020-05-15T13:57:38.472690
49	我坚持的健身方式	135998		2020-05-15T13:57:38.472782
50	王一博面纱造型	105104		2020-05-15T13:57:38.472875
