排名	关键词	热度	特征	时间
1	多国发现新冠病毒变异毒株	2263575	沸	2020-08-17T06:38:53.715788
2	安倍晋三进入庆应大学医院	1859401	新	2020-08-17T06:38:53.715965
3	你浪我猜成语接龙	1817811	荐	2020-08-17T06:38:53.716144
4	凌霄贺子秋为什么九年不回来	1787693	热	2020-08-17T06:38:53.716297
5	红茶女生	1665739	新	2020-08-17T06:38:53.716443
6	夺冠定档	1524230	沸	2020-08-17T06:38:53.716587
7	郭京飞像极了杨超越的老父亲	1187018		2020-08-17T06:38:53.716730
8	葡萄牙总统跳海救人	993946		2020-08-17T06:38:53.716844
9	深圳实现5G独立组网全覆盖	942993	新	2020-08-17T06:38:53.716959
10	袁冰妍回应直播中亲成毅	903049		2020-08-17T06:38:53.717098
11	何洛洛回复王艺瑾道歉	674930		2020-08-17T06:38:53.717213
12	朱朝阳为严良庆生	651187		2020-08-17T06:38:53.717326
13	香港警队回应英国禁止培训港警	539286		2020-08-17T06:38:53.717439
14	半泽直树	439912		2020-08-17T06:38:53.717550
15	欢迎来到王者荣耀	434401		2020-08-17T06:38:53.717663
16	上海将制止餐饮浪费纳入社会规范	389804		2020-08-17T06:38:53.717775
17	拜登发推慰问特朗普	388662		2020-08-17T06:38:53.717889
18	手提29公斤黄金去兑现	381830	新	2020-08-17T06:38:53.718002
19	苹果或将暂缓在越南组装iPhone	379876	新	2020-08-17T06:38:53.718146
20	抗洪烈士唯一一条朋友圈是儿子出生照	371086	新	2020-08-17T06:38:53.718289
21	白敬亭 我觉得我不是帅哥	370866	新	2020-08-17T06:38:53.718433
22	他其实没有那么爱你定档	364283		2020-08-17T06:38:53.718578
23	股市	359713	新	2020-08-17T06:38:53.718688
24	中央气象台继续发布暴雨橙色预警	356189		2020-08-17T06:38:53.718829
25	武汉被拒车主将起诉特斯拉	348263	新	2020-08-17T06:38:53.718941
26	本特利蹦极	346960	新	2020-08-17T06:38:53.719082
27	春节档电影开始回归	338813	新	2020-08-17T06:38:53.719222
28	山东事业编成绩	333745		2020-08-17T06:38:53.719362
29	成都一男子冒充战疫医生吃霸王餐	330542		2020-08-17T06:38:53.719474
30	五条人送李佳琦皮衣	328819		2020-08-17T06:38:53.719586
31	雷军被质疑是假程序员	323718		2020-08-17T06:38:53.719700
32	海南魔性禁毒广告	306924		2020-08-17T06:38:53.719811
33	成毅复古画报大片	272206	新	2020-08-17T06:38:53.719922
34	镇安7.1亿豪华中学学生发声	236776		2020-08-17T06:38:53.720078
35	琉璃 虐	228455		2020-08-17T06:38:53.720192
36	河南人大代表建议尽快放开生育	182723		2020-08-17T06:38:53.720306
37	80后工程师用车运走千吨大楼	180534	新	2020-08-17T06:38:53.720417
38	作者回应童书中动物异性相吸片段	175238		2020-08-17T06:38:53.720556
39	湖北省考	174088	新	2020-08-17T06:38:53.720678
40	王艺瑾道歉	159947		2020-08-17T06:38:53.720833
41	陈小纭女子艺术体操冠军	158807		2020-08-17T06:38:53.720946
42	百香果酱的威力有多大	154014		2020-08-17T06:38:53.721057
43	索马里首都一酒店发生恐怖袭击	141924		2020-08-17T06:38:53.721168
44	琉璃	141507		2020-08-17T06:38:53.721279
45	让三追四	139024		2020-08-17T06:38:53.721389
46	贝鲁特爆炸不存在导弹或飞机袭击	113251		2020-08-17T06:38:53.721498
47	英国暂停为港警提供军事训练项目	107846		2020-08-17T06:38:53.721609
48	美国新冠感染病例近540万	107729		2020-08-17T06:38:53.721719
49	河南特岗成绩	101384		2020-08-17T06:38:53.721828
50	日本二季度GDP创二战后最大降幅	80488		2020-08-17T06:38:53.721937
