排名	关键词	热度	特征	时间
1	张雨绮情绪失控跑下台	502315	热	2020-07-31T20:43:49.310724
2	浙大努某某被开除	412702	沸	2020-07-31T20:43:49.310904
3	场外的林书豪	411470	荐	2020-07-31T20:43:49.311057
4	王漫妮相亲对象是王自健	400379		2020-07-31T20:43:49.311214
5	赵丽颖管钱	389637	新	2020-07-31T20:43:49.311346
6	三十而已	365881	热	2020-07-31T20:43:49.311509
7	应采儿催李泽锋还钱	330152	热	2020-07-31T20:43:49.311666
8	港警通缉罗冠聪等6名外逃乱港分子	145792		2020-07-31T20:43:49.311823
9	解放军和武警部队72.5万人次抗洪	145763		2020-07-31T20:43:49.311948
10	浦发银行称1200万贷款笔迹系同一人	145746		2020-07-31T20:43:49.312090
11	中餐厅	145725		2020-07-31T20:43:49.312219
12	杨洋太老实了	145677	热	2020-07-31T20:43:49.312342
13	钟晓芹钟晓阳约会	145676		2020-07-31T20:43:49.312499
14	最强大脑	143489		2020-07-31T20:43:49.312624
15	3男子骑马冲进海里救起12岁男孩	140644		2020-07-31T20:43:49.312746
16	北京暴雨故宫再现九龙吐水	138749		2020-07-31T20:43:49.312870
17	许飞P图和黄晓明合照	136766	热	2020-07-31T20:43:49.312994
18	恶之花	134016		2020-07-31T20:43:49.313150
19	青岛淘汰山东	131885	新	2020-07-31T20:43:49.313273
20	女子被尾随偶遇直播博主得救	105052		2020-07-31T20:43:49.313427
21	元气满满的哥哥	102928		2020-07-31T20:43:49.313552
22	GAI赚奶粉钱比JonyJ还难	102804		2020-07-31T20:43:49.313677
23	全国GDP超万亿城市	100161	新	2020-07-31T20:43:49.313801
24	海南黑老大符聪被执行死刑	83692		2020-07-31T20:43:49.313956
25	熊本县营业部长跳无价之姐	81908		2020-07-31T20:43:49.314077
26	奔跑吧	81369		2020-07-31T20:43:49.314200
27	黄明昊好惨	81366		2020-07-31T20:43:49.314324
28	万茜ending动作	81251		2020-07-31T20:43:49.314447
29	殷世航 何婧婧	80947		2020-07-31T20:43:49.314571
30	三部门颁布4个国家职业技能标准	70784		2020-07-31T20:43:49.314694
31	三十而已追剧行为大赏	70207		2020-07-31T20:43:49.314817
32	李泽锋机场被叫放炮的	69600		2020-07-31T20:43:49.314940
33	欧阳妮妮否认欧阳娜娜整过鼻子	69598		2020-07-31T20:43:49.315062
34	接挪车电话找回丢失8年的车	67295		2020-07-31T20:43:49.315184
35	中国不会承认香港BNO护照	61820		2020-07-31T20:43:49.315306
36	莫言 晚熟的人	58350		2020-07-31T20:43:49.315429
37	张真源跳BLACKPINK新歌	57470		2020-07-31T20:43:49.315552
38	杨易脑王之王	57210	新	2020-07-31T20:43:49.315675
39	这大概就是亲情最好的状态	56402		2020-07-31T20:43:49.315829
40	内地检测人员将赴港协助核酸筛查	54511		2020-07-31T20:43:49.315952
41	最辣眼的情侣头像	53655		2020-07-31T20:43:49.316086
42	李斯丹妮 是我不够可爱吗	52406		2020-07-31T20:43:49.316209
43	TS晋级世冠四强	51130	新	2020-07-31T20:43:49.316331
44	战毒	50746		2020-07-31T20:43:49.316485
45	开起火货车冲出闹市司机获赠新车	49478		2020-07-31T20:43:49.316607
46	张庆鹏	47501		2020-07-31T20:43:49.316730
47	吴昕侧手翻	44170		2020-07-31T20:43:49.316851
48	马云获约旦国王授勋	39187		2020-07-31T20:43:49.316973
49	95后战士2分钟救4人荣获一等功	37640		2020-07-31T20:43:49.317096
50	瑞幸虚增收入21.19亿	37388		2020-07-31T20:43:49.317220
