排名	关键词	热度	特征	时间
1	美国民警卫队朝居民家中开枪	189057		2020-05-31T22:53:42.001429
2	鹿晗示范三种层次唱法	87433	沸	2020-05-31T22:53:42.001581
3	五月天演唱会每个座位都有荧光棒	82775	沸	2020-05-31T22:53:42.001752
4	郑爽穿晚礼服跳舞	82703	沸	2020-05-31T22:53:42.001917
5	女研究生蹦床馆内摔成完全性截瘫	73297	沸	2020-05-31T22:53:42.002075
6	River水火舞台好绝	69654	沸	2020-05-31T22:53:42.002233
7	英国伦敦南部爆发大规模抗议	59401		2020-05-31T22:53:42.002389
8	扎克伯格成为美国第三富豪	57957		2020-05-31T22:53:42.002514
9	天天向上	54804		2020-05-31T22:53:42.002638
10	邓超问孙俪要什么结婚纪念日礼物	53928	热	2020-05-31T22:53:42.002761
11	钟镇涛等知名港星支持国安立法	52388		2020-05-31T22:53:42.002918
12	母亲审讯室与儿子抱头痛哭	47268		2020-05-31T22:53:42.003043
13	SpaceX太空舱成功与国际空间站对接	42686		2020-05-31T22:53:42.003167
14	蝙蝠侠coser现身费城抗议现场	41231		2020-05-31T22:53:42.003291
15	我再也不搞选秀了	38857		2020-05-31T22:53:42.003414
16	陈晓为陈妍希庆生	38106		2020-05-31T22:53:42.003539
17	福布斯将卡戴珊金小妹移除富豪榜	37942		2020-05-31T22:53:42.003662
18	极限挑战	37394		2020-05-31T22:53:42.003785
19	KBS大楼女洗手间发现隐藏摄像头	36681		2020-05-31T22:53:42.003908
20	张杰唱错词	35351		2020-05-31T22:53:42.004050
21	学霸宿舍6人全部读研	32964		2020-05-31T22:53:42.004176
22	多伦多爆发反对种族主义游行示威	32358		2020-05-31T22:53:42.004301
23	医生陶勇说回到一线感动多于恐惧	31707		2020-05-31T22:53:42.004425
24	芝加哥特朗普大厦被抗议者占领	31319		2020-05-31T22:53:42.004550
25	王一博带孩子	31237		2020-05-31T22:53:42.004672
26	李佳琦直播	31213		2020-05-31T22:53:42.004798
27	被宠成孩子有多幸福	31146		2020-05-31T22:53:42.004923
28	山东破获涉案300亿元特大虚开发票案	27351		2020-05-31T22:53:42.005046
29	男孩随安装工父亲到雇主家写作业	26590		2020-05-31T22:53:42.005170
30	五月天线上演唱会	26244		2020-05-31T22:53:42.005294
31	五月最后一天有五月天	25908		2020-05-31T22:53:42.005419
32	男孩横跨过河被冲走	25283		2020-05-31T22:53:42.005541
33	三叉戟	20511		2020-05-31T22:53:42.005664
34	大四学生返校发现衣柜里有蜂窝	19689		2020-05-31T22:53:42.005786
35	五月天李荣浩毛不易萧敬腾合唱	19632		2020-05-31T22:53:42.005909
36	杨雪	19608		2020-05-31T22:53:42.006033
37	长大后还能做回孩子吗	19474		2020-05-31T22:53:42.006157
38	369卢锡安	17253		2020-05-31T22:53:42.006281
39	TES夺冠	17087		2020-05-31T22:53:42.006405
40	Lisa晒导师合影	16962		2020-05-31T22:53:42.006527
41	阿信	16953		2020-05-31T22:53:42.006650
42	江西一高校送学生健身包	16363		2020-05-31T22:53:42.006773
43	成都小型飞机掉入沱江	15815		2020-05-31T22:53:42.006896
44	加拿大	14880		2020-05-31T22:53:42.007018
45	桃桃乌龙冰心蛋糕	14729		2020-05-31T22:53:42.007139
46	被网友说丑后	14043		2020-05-31T22:53:42.007262
47	罗永浩直播	13026		2020-05-31T22:53:42.007385
48	五月的最后一天	12118		2020-05-31T22:53:42.007506
49	受伤小鹿进药房求救	11039		2020-05-31T22:53:42.007628
50	童年时的六一照片	9474		2020-05-31T22:53:42.007751
