排名	关键词	热度	特征	时间
1	青岛一公司发现2例无症状感染者	1394104		2020-09-25T00:51:39.256348
2	李思雨陈一鸣分手	559246	沸	2020-09-25T00:51:39.256440
3	守护一亿双手	552670	荐	2020-09-25T00:51:39.256535
4	孟鹤堂 我都结婚了	544632	热	2020-09-25T00:51:39.256626
5	警方通报连云港一家四口同日死亡案	519228		2020-09-25T00:51:39.256717
6	绝色888	458212	荐	2020-09-25T00:51:39.256793
7	戚薇发文退出新手驾到	456324	热	2020-09-25T00:51:39.256881
8	新冠灭活疫苗离成功只差最后一公里	266915		2020-09-25T00:51:39.256969
9	网购孔雀蛋孵出鸭子	266900		2020-09-25T00:51:39.257040
10	商务部回应字节跳动提交技术许可申请	266896		2020-09-25T00:51:39.257112
11	郑爽好美	266895		2020-09-25T00:51:39.257183
12	田蕤	228479		2020-09-25T00:51:39.257253
13	最美逆行者兔子叔叔	217095		2020-09-25T00:51:39.257324
14	钟南山称大规模接种疫苗需1至2年	197386		2020-09-25T00:51:39.257394
15	我喜欢你	180326		2020-09-25T00:51:39.257464
16	连云港一家四口同日死亡	180299		2020-09-25T00:51:39.257533
17	新闻联播新主播郑丽	180218		2020-09-25T00:51:39.257602
18	青岛	180115		2020-09-25T00:51:39.257671
19	伊布新冠检测阳性	180086		2020-09-25T00:51:39.257740
20	黑洞延时短片首公布	180042		2020-09-25T00:51:39.257809
21	杨九郎送礼竟然只送塑料袋	179973		2020-09-25T00:51:39.257879
22	原来满脸狐疑是这样来的	179842		2020-09-25T00:51:39.257948
23	小伙仅用一张纸折出魔兽手办	179834		2020-09-25T00:51:39.258017
24	雪梨黄晓明直播	179041		2020-09-25T00:51:39.258085
25	英首相电视演讲时肚子咕噜叫	157763		2020-09-25T00:51:39.258154
26	稻谷熟了老人问警方儿子何时释放	151192		2020-09-25T00:51:39.258226
27	高中同班军校同队再续同窗情	144228		2020-09-25T00:51:39.258297
28	百花奖	134979		2020-09-25T00:51:39.258365
29	中国首次超越美国成欧盟最大贸易伙伴	125039		2020-09-25T00:51:39.258434
30	特朗普拒绝承诺和平交接权力	124017		2020-09-25T00:51:39.258502
31	新手驾到	123536		2020-09-25T00:51:39.258571
32	错换人生28年当事人首次回河南老家	120663		2020-09-25T00:51:39.258639
33	郝帅被打	113329		2020-09-25T00:51:39.258708
34	这很中国	107157		2020-09-25T00:51:39.258778
35	外交部回应两名澳方人士被禁止入境	104628		2020-09-25T00:51:39.258846
36	折叠人4次手术后重新学走路	104522		2020-09-25T00:51:39.258916
37	德云斗笑社	100266		2020-09-25T00:51:39.258986
38	蔡徐坤烟灰色西装	95105		2020-09-25T00:51:39.259054
39	7号房的礼物小女孩长大了	92187		2020-09-25T00:51:39.259123
40	老师用胶带代替男孩外套拉链	89397		2020-09-25T00:51:39.259192
41	诗酒蒙犽五杀	81266		2020-09-25T00:51:39.259262
42	你有哪些尴尬的聊天截图	75578		2020-09-25T00:51:39.259332
43	明星被泥塑实录	73170		2020-09-25T00:51:39.259401
44	住建部通报成都桂花巷砍树事件	72580		2020-09-25T00:51:39.259469
45	赵露思秋天的第一顿方便面	70190		2020-09-25T00:51:39.259539
46	桂花	68389		2020-09-25T00:51:39.259609
47	蕾哈娜直播	64360		2020-09-25T00:51:39.259679
48	楼继伟称现有5G技术很不成熟	61633		2020-09-25T00:51:39.259747
49	外卖小哥可以有多暖心	61212		2020-09-25T00:51:39.259816
50	恒大辟谣	51761		2020-09-25T00:51:39.259885
