排名	关键词	热度	特征	时间
1	香港	3929899	新	2020-06-30T18:34:59.050252
2	黄轩承认恋情	1963240	热	2020-06-30T18:34:59.050433
3	蒋昌建超A实验室	1933819	荐	2020-06-30T18:34:59.050585
4	肖战工作室帮被网暴博主维权	1854271	沸	2020-06-30T18:34:59.050733
5	张雨绮有一对双胞胎孩子	1539534	热	2020-06-30T18:34:59.050876
6	林湘抑郁	988237		2020-06-30T18:34:59.051019
7	老干妈回应被腾讯起诉	757441	沸	2020-06-30T18:34:59.051136
8	朱广权上半年最后一条段子	744277	沸	2020-06-30T18:34:59.051278
9	菊香洋介结婚	533340	新	2020-06-30T18:34:59.051422
10	韩国大型连锁超市实施无薪休假	531701		2020-06-30T18:34:59.051563
11	密室大逃脱	521850		2020-06-30T18:34:59.051690
12	张雨剑淡定捡眼镜	514465		2020-06-30T18:34:59.051820
13	莫向晚裸辞	508082		2020-06-30T18:34:59.051947
14	香港维护国家安全法全文	501154	新	2020-06-30T18:34:59.052085
15	中央民族大学	495529		2020-06-30T18:34:59.052243
16	北京公积金账户余额可直接还贷款	488276		2020-06-30T18:34:59.052366
17	黄轩女朋友	484884		2020-06-30T18:34:59.052489
18	超话	479007	新	2020-06-30T18:34:59.052614
19	情绪的生理表现	474490		2020-06-30T18:34:59.052768
20	因太困高速应急港湾做俯卧撑	434270	新	2020-06-30T18:34:59.052892
21	爷爷为孙女第一次尝试绑头发	414178		2020-06-30T18:34:59.053048
22	郭晓婷演技	406630	新	2020-06-30T18:34:59.053171
23	坐火车一只皮鞋被上铺穿走	388968		2020-06-30T18:34:59.053325
24	西班牙教授回应去年3月废水中检出新冠	377104	新	2020-06-30T18:34:59.053448
25	清华大学等风来	306415	新	2020-06-30T18:34:59.053605
26	全球百大最具价值品牌榜	305769	新	2020-06-30T18:34:59.053760
27	赵丽颖生图	305713		2020-06-30T18:34:59.053918
28	邓伦胆小	303599		2020-06-30T18:34:59.054040
29	医学生怎么做作业	294591	新	2020-06-30T18:34:59.054163
30	小娘惹	256770		2020-06-30T18:34:59.054317
31	全球经济将因新冠疫情损失12万亿美元	224004		2020-06-30T18:34:59.054440
32	广州11家凉茶店铺被查封	201507		2020-06-30T18:34:59.054564
33	香港维护国家安全法表决通过	196524		2020-06-30T18:34:59.054685
34	乘风破浪的高考生	187631		2020-06-30T18:34:59.054809
35	腾讯回应起诉老干妈	181070		2020-06-30T18:34:59.054931
36	外交部回应印度封杀中国APP	176950		2020-06-30T18:34:59.055053
37	张文宏表示北京的疫情只是小范围反弹	171330		2020-06-30T18:34:59.055178
38	猪流感	170403		2020-06-30T18:34:59.055300
39	老干妈	166057		2020-06-30T18:34:59.055422
40	极限挑战 THE9	163441		2020-06-30T18:34:59.055544
41	法国一教堂裂缝藏500具遗骸	163137		2020-06-30T18:34:59.055665
42	假如乘风破浪的姐姐吃重庆小面	145984		2020-06-30T18:34:59.055787
43	用长辈的聊天方式聊天	145309		2020-06-30T18:34:59.055909
44	郭京飞喻言沙雕拉票	144020		2020-06-30T18:34:59.056049
45	颜值对衣服的影响有多大	143990		2020-06-30T18:34:59.056175
46	重庆踹4脚救3人男子后怕但不后悔	141224		2020-06-30T18:34:59.056298
47	新闻联播	131054		2020-06-30T18:34:59.056422
48	上海2019年平均工资为9580元	130332		2020-06-30T18:34:59.056548
49	上海下调新冠病毒核酸检测项目价格	113700		2020-06-30T18:34:59.056638
50	中国共产党党员总数9191.4万	81236		2020-06-30T18:34:59.056727
