排名	关键词	热度	特征	时间
1	宁静 我一直是觉得我一线	4439971	新	2020-06-05T17:42:52.734720
2	文旅部提醒切勿前往澳大利亚旅游	2376159		2020-06-05T17:42:52.734848
3	年轻 就要韧性	2271027	荐	2020-06-05T17:42:52.734937
4	向往的生活	2228085	新	2020-06-05T17:42:52.735045
5	淘宝 不改	1921378	沸	2020-06-05T17:42:52.735162
6	姐姐们换手机了	1787249		2020-06-05T17:42:52.735276
7	宋凛周放办公室拥吻	1083068		2020-06-05T17:42:52.735367
8	美股大涨	1033116	新	2020-06-05T17:42:52.735457
9	美国突发夜间枪击事件7人死亡	923125		2020-06-05T17:42:52.735569
10	耿爽卸任外交部发言人	753557	沸	2020-06-05T17:42:52.735660
11	易烊千玺湿发	746024	沸	2020-06-05T17:42:52.735772
12	杨迪要暴打蔡徐坤	733976	新	2020-06-05T17:42:52.735883
13	喻言小号	733458	热	2020-06-05T17:42:52.735994
14	奔跑吧	642382		2020-06-05T17:42:52.736119
15	美国四任前总统为弗洛伊德发声	514563		2020-06-05T17:42:52.736208
16	华盛顿纪念碑被闪电击中	514031		2020-06-05T17:42:52.736297
17	微信已支持改微信号	511391	热	2020-06-05T17:42:52.736385
18	B站抗癌UP主出院回家	509913	新	2020-06-05T17:42:52.736498
19	鹿晗清唱慢慢	506360		2020-06-05T17:42:52.736609
20	永远的君主	505122	新	2020-06-05T17:42:52.736699
21	驻港部队海上实弹射击训练	500974	新	2020-06-05T17:42:52.736809
22	曾可妮 孙芮	500407		2020-06-05T17:42:52.736922
23	王者荣耀新英雄阿古朵	498524		2020-06-05T17:42:52.737010
24	救跳楼者被砸伤男子获捐45万元	488090	新	2020-06-05T17:42:52.737097
25	炙热的我们	466118		2020-06-05T17:42:52.737212
26	赵露思唱歌	455765		2020-06-05T17:42:52.737301
27	玄彬孙艺珍同框	446025		2020-06-05T17:42:52.737388
28	渔民捕获罕见彩色龙虾	428816	新	2020-06-05T17:42:52.737475
29	华盛顿特区2名士兵遭雷击	364562		2020-06-05T17:42:52.737587
30	最强大脑	293587		2020-06-05T17:42:52.737676
31	李易峰直播	292099		2020-06-05T17:42:52.737763
32	曾轶可线上演唱会	289074		2020-06-05T17:42:52.737850
33	一月白头的抗疫专家邱海波回家了	282681		2020-06-05T17:42:52.737939
34	降魔的2.0大结局	282258		2020-06-05T17:42:52.738026
35	美国75岁男子被警察推倒受重伤	279547		2020-06-05T17:42:52.738112
36	刘在石 男子艺能奖	277875		2020-06-05T17:42:52.738200
37	IU亮片长裙	264937		2020-06-05T17:42:52.738287
38	异域舞娘礼裙	239784	新	2020-06-05T17:42:52.738375
39	摆摊行为图鉴	238749	新	2020-06-05T17:42:52.738485
40	深圳晚霞	234964		2020-06-05T17:42:52.738595
41	姜河那百想视帝	231165		2020-06-05T17:42:52.738684
42	教育部督办广西小学持刀伤人事件	225938		2020-06-05T17:42:52.738770
43	百想艺术大赏	208809		2020-06-05T17:42:52.738857
44	假如怀孕时一直看可爱宝宝	204984		2020-06-05T17:42:52.738943
45	广州晚霞	202886	新	2020-06-05T17:42:52.739030
46	周五给人的感觉	178409		2020-06-05T17:42:52.739142
47	金喜爱百想视后	172348		2020-06-05T17:42:52.739229
48	小学生数学考试偷偷查字典	170566		2020-06-05T17:42:52.739315
49	百想座位	159590	新	2020-06-05T17:42:52.739403
50	油泼乌冬面	151750		2020-06-05T17:42:52.739514
