排名	关键词	热度	特征	时间
1	李尖尖男朋友	211876	沸	2020-08-19T21:51:41.692653
2	东京103人中暑死亡	146865		2020-08-19T21:51:41.692837
3	王菲 一切都好	144746	荐	2020-08-19T21:51:41.692961
4	琉璃	143080	沸	2020-08-19T21:51:41.693111
5	编剧起诉隐秘的角落出品方侵权	115891		2020-08-19T21:51:41.693257
6	王建国说成功不靠李诞	88954		2020-08-19T21:51:41.693374
7	贺子秋看见贺梅	81122		2020-08-19T21:51:41.693489
8	工信部下架8款APP	56856		2020-08-19T21:51:41.693601
9	外交部回应美方宣布取消中美经贸谈判	56100		2020-08-19T21:51:41.693716
10	官方回应被分配工作23年未接上班通知	55758		2020-08-19T21:51:41.693832
11	脱口秀大会	52663		2020-08-19T21:51:41.693945
12	庞博吐槽酒桌文化	51535		2020-08-19T21:51:41.694060
13	2020架无人机夜空表白深圳	39035		2020-08-19T21:51:41.694172
14	司凤教璇玑谈恋爱	38951		2020-08-19T21:51:41.694286
15	4次手术折叠女孩终能直立行走	36443		2020-08-19T21:51:41.694397
16	摩天大楼	36244		2020-08-19T21:51:41.694510
17	世界首富贝索斯身价近2000亿美元	36055		2020-08-19T21:51:41.694621
18	吴尊友谈今年秋冬疫情形势	35745		2020-08-19T21:51:41.694744
19	同济大学为新生父母准备礼物	35273		2020-08-19T21:51:41.694877
20	唐灿儿子	35126		2020-08-19T21:51:41.695006
21	凌霄烫伤	34641		2020-08-19T21:51:41.695133
22	张一怀疑张鑫出轨	34339		2020-08-19T21:51:41.695257
23	王岳伦表白李湘王诗龄	33981	热	2020-08-19T21:51:41.695382
24	特朗普再次反对邮寄选票	33529		2020-08-19T21:51:41.695541
25	老人无健康码遭公交司机拒载	33144		2020-08-19T21:51:41.695665
26	消防员一分钟准备出警看呆小学生	32960		2020-08-19T21:51:41.695790
27	杨笠吐槽直男盲目自信	31457		2020-08-19T21:51:41.695914
28	航拍洪水中的重庆	30979		2020-08-19T21:51:41.696052
29	北京5所高校确定开学时间	30556		2020-08-19T21:51:41.696180
30	伪造清华录取通知书男生离家出走	30018		2020-08-19T21:51:41.696306
31	考生伪造清华录取通知书	29269		2020-08-19T21:51:41.696430
32	原来多米诺骨牌不是手摆的	28651		2020-08-19T21:51:41.696554
33	南京闪电	28569		2020-08-19T21:51:41.696677
34	马鞍山	27389		2020-08-19T21:51:41.696802
35	龟梨和也道歉	26616		2020-08-19T21:51:41.696926
36	牛奶咖啡 好好做人	25143		2020-08-19T21:51:41.697051
37	摸狗狗时突然停止	23490		2020-08-19T21:51:41.697177
38	昊辰提亲	23446		2020-08-19T21:51:41.697301
39	白色月光	22957		2020-08-19T21:51:41.697424
40	肖枫错过的十一年	22487		2020-08-19T21:51:41.697548
41	李佳琦梁静黄晓明直播	22270		2020-08-19T21:51:41.697671
42	一中国男子东京街头遭绑架	20702		2020-08-19T21:51:41.697794
43	何洛洛方回应新歌涉抄袭	20241		2020-08-19T21:51:41.697917
44	最让人心疼浙江女护士想回武汉	20181		2020-08-19T21:51:41.698040
45	with	19850		2020-08-19T21:51:41.698162
46	中学提供三档伙食费被质疑存攀比	17864		2020-08-19T21:51:41.698284
47	王喆教数学	17811		2020-08-19T21:51:41.698407
48	以家人之名	17233		2020-08-19T21:51:41.698530
49	健身环大冒险	16906		2020-08-19T21:51:41.698653
50	北京晚霞	16628		2020-08-19T21:51:41.698777
