排名	关键词	热度	特征	时间
1	仝卓道歉	240582	沸	2020-05-29T22:52:42.459868
2	教育部明确继续开展第二学士学位教育	174575		2020-05-29T22:52:42.460066
3	618当燃全星为你	172536	荐	2020-05-29T22:52:42.460195
4	蘑菇屋给武汉刘凯护士送红烧肉	171781	新	2020-05-29T22:52:42.460343
5	黄晓明减肥的样子是我本人	161822		2020-05-29T22:52:42.460489
6	应采儿生下二胎	151616	热	2020-05-29T22:52:42.460605
7	美国暴乱	109459	沸	2020-05-29T22:52:42.460758
8	奔跑吧	72708		2020-05-29T22:52:42.460919
9	教育部追查仝某自称改身份参加高考	71122		2020-05-29T22:52:42.461046
10	Ning退出游戏	57154		2020-05-29T22:52:42.461174
11	陈小春	56467		2020-05-29T22:52:42.461301
12	新闻联播评蓬佩奥形同过街老鼠	53935		2020-05-29T22:52:42.461425
13	外交部回应美方称制裁中国留学生	42641		2020-05-29T22:52:42.461551
14	何鸿燊将于7月出殡	41109	热	2020-05-29T22:52:42.461678
15	伊朗6岁男孩练出6块腹肌	39118		2020-05-29T22:52:42.461836
16	王嘉尔回归拜托了冰箱	39036		2020-05-29T22:52:42.461962
17	特朗普	38736		2020-05-29T22:52:42.462087
18	向往的生活	38533		2020-05-29T22:52:42.462212
19	重庆网红鲤鱼莽子遇害后续	38363		2020-05-29T22:52:42.462336
20	永远的君主	38074		2020-05-29T22:52:42.462460
21	蔡徐坤跳到飞起	38020		2020-05-29T22:52:42.462585
22	JDG晋级半决赛	37846		2020-05-29T22:52:42.462710
23	高校三天修出一条路连接两校区	35671		2020-05-29T22:52:42.462836
24	跪求播下一季的综艺	32385		2020-05-29T22:52:42.462962
25	你心中的悬疑剧TOP	31737		2020-05-29T22:52:42.463086
26	香港文化演艺界发声明支持涉港国安立法	31627		2020-05-29T22:52:42.463211
27	张根硕退伍	31452		2020-05-29T22:52:42.463336
28	明尼苏达骚乱核心现场	31037		2020-05-29T22:52:42.463460
29	2020年新一线城市排名	27464		2020-05-29T22:52:42.463587
30	CNN报道团队被警方逮捕	25128		2020-05-29T22:52:42.463710
31	檀健次跳女团舞	25110		2020-05-29T22:52:42.463833
32	中戏回应仝卓高考身份问题	25072		2020-05-29T22:52:42.463957
33	最强大脑	25031		2020-05-29T22:52:42.464097
34	炙热的我们	24162		2020-05-29T22:52:42.464220
35	世界最大纯电动飞机首飞	24120		2020-05-29T22:52:42.464341
36	你见过最有寓意的名字	22278		2020-05-29T22:52:42.464465
37	小偷被抓时身上携带刑法书籍	19138		2020-05-29T22:52:42.464588
38	昕雪	19094		2020-05-29T22:52:42.464711
39	美国疫情	18459		2020-05-29T22:52:42.464832
40	吉尼斯认证世界最长寿男性去世	16833		2020-05-29T22:52:42.464953
41	男童地铁上守护熟睡妈妈	16785		2020-05-29T22:52:42.465075
42	农村孩子六一捡树枝给自己做礼物	16676		2020-05-29T22:52:42.465200
43	假如绿茶的目标是女生	15967		2020-05-29T22:52:42.465323
44	郑云龙晒伤妆	14622		2020-05-29T22:52:42.465449
45	LOL季中杯加赛	14312		2020-05-29T22:52:42.465570
46	最有动漫感的明星	14040		2020-05-29T22:52:42.465692
47	云南一水电站疑似爆炸	13357		2020-05-29T22:52:42.465816
48	李佳航李晟相处模式	12571		2020-05-29T22:52:42.465939
49	iG无缘半决赛	12408		2020-05-29T22:52:42.466063
50	万青演唱会	9967		2020-05-29T22:52:42.466187
