排名	关键词	热度	特征	时间
1	徐明朝给Yamy的一封信	733240	沸	2020-07-21T19:56:36.680623
2	央视记者手机拍摄以色列空袭叙利亚	596308	沸	2020-07-21T19:56:36.680810
3	明星底妆有多闪	530050	荐	2020-07-21T19:56:36.680978
4	三十而已	477990		2020-07-21T19:56:36.681142
5	迪士尼在逃公主出街	430442	沸	2020-07-21T19:56:36.681270
6	开映大吉	355643	荐	2020-07-21T19:56:36.681428
7	顾佳原生家庭	353329		2020-07-21T19:56:36.681586
8	三十而已台词	288959	沸	2020-07-21T19:56:36.681711
9	法国表态不会禁止华为在法投资5G	226176		2020-07-21T19:56:36.681871
10	曾毅微博评论	218463	热	2020-07-21T19:56:36.681996
11	王漫妮 社畜缩影	198427		2020-07-21T19:56:36.682144
12	梁爽为大宝打架	178451		2020-07-21T19:56:36.682266
13	金晨 我没有拿恋情炒作	174548	热	2020-07-21T19:56:36.682391
14	陈屿性格	172335		2020-07-21T19:56:36.682549
15	沙宝亮救人	161075	热	2020-07-21T19:56:36.682676
16	浙大通报努某某留校察看事件	154520		2020-07-21T19:56:36.682831
17	北京允许举办500人以下体育赛事活动	154050		2020-07-21T19:56:36.682957
18	罗艳发现妈妈做小三	146189	热	2020-07-21T19:56:36.683084
19	Yamy头像	140808	热	2020-07-21T19:56:36.683238
20	乘公共交通戴口罩旅行结束后及时弃用	135855		2020-07-21T19:56:36.683394
21	明星让人误会的虎狼之词	134766	新	2020-07-21T19:56:36.683519
22	重启	130108		2020-07-21T19:56:36.683677
23	两公交司机马路中间占道递槟榔	128626		2020-07-21T19:56:36.683802
24	肖枫房子塌了	120883		2020-07-21T19:56:36.683928
25	你拍过最有漫画感的瞬间	109193	新	2020-07-21T19:56:36.684071
26	张嘉倪为Yamy发声	106603	热	2020-07-21T19:56:36.684234
27	郁可唯 飞鸟与鱼的距离	105649		2020-07-21T19:56:36.684391
28	医生抱患者1分钟跑下4层楼送急救	103784		2020-07-21T19:56:36.684515
29	特朗普自夸疫情发布会收视率超高	92818		2020-07-21T19:56:36.684641
30	穿越火线戒网中心	83750		2020-07-21T19:56:36.684764
31	吴镇宇直播	82551		2020-07-21T19:56:36.684888
32	抗洪一线官兵收到新衣了	77247	新	2020-07-21T19:56:36.685012
33	权志龙露脸自拍	74269		2020-07-21T19:56:36.685169
34	中国重组新冠疫苗二期临床试验结果	62963		2020-07-21T19:56:36.685294
35	外交部回应英暂停与中国香港引渡条约	61178		2020-07-21T19:56:36.685419
36	横滨流星感染新冠	60958		2020-07-21T19:56:36.685545
37	秦昊东升旅行社导游	60580		2020-07-21T19:56:36.685670
38	吐司盒螺蛳粉	57494		2020-07-21T19:56:36.685794
39	基金	53641		2020-07-21T19:56:36.685919
40	江西抗洪官兵收到山东姑娘跨省外卖	51871		2020-07-21T19:56:36.686045
41	令人极度舒适的人设	49823		2020-07-21T19:56:36.686169
42	吴尊友称未来出现疫情是一种常态	49254		2020-07-21T19:56:36.686294
43	小偷行窃后逃跑公交司机跳窗追回	49199		2020-07-21T19:56:36.686418
44	全国十大最堵三甲医院	47834		2020-07-21T19:56:36.686542
45	职场PUA	46575		2020-07-21T19:56:36.686663
46	1小时开4张罚单民警被停职	40822		2020-07-21T19:56:36.686786
47	广东高考7月23日放榜	40135		2020-07-21T19:56:36.686909
48	班主任代替学生离异父母出席活动	39270		2020-07-21T19:56:36.687033
49	出门遛狗忘记带狗了	38380		2020-07-21T19:56:36.687155
50	抗洪一线的移动餐车	38194		2020-07-21T19:56:36.687279
