排名	关键词	热度	特征	时间
1	字节跳动同意剥离TIKTOK美国业务	299952	沸	2020-08-01T21:36:55.265661
2	警方发现在青海失联女大学生遗骸	276010	沸	2020-08-01T21:36:55.265841
3	张继科和镜子里动作不一样	268488	沸	2020-08-01T21:36:55.265992
4	刘忻为了乐夏拒绝乘风破浪	224881	沸	2020-08-01T21:36:55.266150
5	小鸡长在王一博笑点上	209651	沸	2020-08-01T21:36:55.266316
6	乐队的夏天	108975		2020-08-01T21:36:55.266478
7	5人出游唯一生还者发声	105383		2020-08-01T21:36:55.266603
8	TikTok明星博主向粉丝道别	95334		2020-08-01T21:36:55.266728
9	伊朗称逮捕了美国支持的恐怖组织头目	91911		2020-08-01T21:36:55.266853
10	这就是街舞	91269		2020-08-01T21:36:55.266978
11	周迅被野孩子唱哭	90724		2020-08-01T21:36:55.267103
12	691分考入清华暑期搬砖打工	90009	热	2020-08-01T21:36:55.267225
13	明日之子	82950		2020-08-01T21:36:55.267383
14	武汉火神山医院的设备仍在原地列队	78202		2020-08-01T21:36:55.267506
15	快乐大本营	70796		2020-08-01T21:36:55.267629
16	林有有许幻山	70203	热	2020-08-01T21:36:55.267753
17	白举纲被专业乐迷质疑	67416		2020-08-01T21:36:55.267911
18	大连一1个月婴儿确诊	63514		2020-08-01T21:36:55.268052
19	苹果中国区商店半天下架近3万款应用	61747		2020-08-01T21:36:55.268183
20	父亲回应留守女儿选北大考古专业	60910		2020-08-01T21:36:55.268308
21	张艺兴教王一博跳Krump	60011		2020-08-01T21:36:55.268432
22	今年4号台风黑格比	51641		2020-08-01T21:36:55.268554
23	云南吃菌中毒死亡人数超过新冠	50851	热	2020-08-01T21:36:55.268677
24	当代人的现状	48327		2020-08-01T21:36:55.268832
25	警方通报铁笼溺水男子生前轨迹	47671		2020-08-01T21:36:55.268956
26	小鬼舞台	47012		2020-08-01T21:36:55.269080
27	胡宇桐终于把话说开了	44265		2020-08-01T21:36:55.269203
28	航空兵双语警告接近台海领空美军机	37699		2020-08-01T21:36:55.269326
29	福奇否认中国威胁美国疫苗	36719		2020-08-01T21:36:55.269449
30	疫情期间拉邻居到家喝酒2人被拘	36662		2020-08-01T21:36:55.269570
31	尹正R1SE热舞	36590		2020-08-01T21:36:55.269692
32	肖枫三观	36319		2020-08-01T21:36:55.269814
33	今年十五月亮十四圆	35968		2020-08-01T21:36:55.269937
34	特朗普将禁止TikTok在美国运营	32673		2020-08-01T21:36:55.270060
35	五公	31684		2020-08-01T21:36:55.270183
36	武汉灯光秀致敬最可爱的人	29249		2020-08-01T21:36:55.270306
37	老师别再用全景相机拍照了	26849		2020-08-01T21:36:55.270428
38	LPL夏季赛	26098		2020-08-01T21:36:55.270549
39	高考后扎堆做近视手术	25569		2020-08-01T21:36:55.270672
40	南京一应届毕业女生失联超21天	24865		2020-08-01T21:36:55.270794
41	蓝盈莹 希怡的眼神杀过来	24323		2020-08-01T21:36:55.270917
42	原来河马在水里是这样的	24083		2020-08-01T21:36:55.271040
43	三十而已	22833		2020-08-01T21:36:55.271162
44	OMG iG	22086		2020-08-01T21:36:55.271280
45	黄晓明脱妆	22063		2020-08-01T21:36:55.271402
46	农夫山泉获准上市	21288		2020-08-01T21:36:55.271525
47	阿朵 这才是最奢侈的	19593		2020-08-01T21:36:55.271648
48	八一建军节	19344		2020-08-01T21:36:55.271770
49	天津暴雨	19127		2020-08-01T21:36:55.271890
50	DYG战胜QG	17695		2020-08-01T21:36:55.272028
