排名	关键词	热度	特征	时间
1	首尔市长遗体被找到	794590	沸	2020-07-09T20:45:48.975270
2	万达确诊女子流调报告60页仍未写完	438830	热	2020-07-09T20:45:48.975452
3	李子柒番茄红了	281273	沸	2020-07-09T20:45:48.975605
4	易烊千玺ins	262769	沸	2020-07-09T20:45:48.975752
5	哈萨克斯坦出现不明原因肺炎	230535	沸	2020-07-09T20:45:48.975897
6	李佳琦直播相机没电	223218	热	2020-07-09T20:45:48.976059
7	容婳怀孕	198080		2020-07-09T20:45:48.976214
8	女孩高考完哭着说假期规划是减肥	157182	热	2020-07-09T20:45:48.976327
9	七蒂睡莲	130853		2020-07-09T20:45:48.976469
10	江苏今年唯一一名盲人大学生考研成功	129028		2020-07-09T20:45:48.976583
11	孙俪长发造型	128870	热	2020-07-09T20:45:48.976697
12	央行辟谣转账超10万将被严查	109225		2020-07-09T20:45:48.976851
13	美最高法院裁定特朗普须提交纳税记录	91365		2020-07-09T20:45:48.976983
14	公共场合过生日有多尴尬	90287		2020-07-09T20:45:48.977113
15	爱奇艺大剧片单	90011		2020-07-09T20:45:48.977240
16	微博管理员	89203		2020-07-09T20:45:48.977366
17	原来梦境是可以控制的	87078		2020-07-09T20:45:48.977492
18	员工因业绩差被罚吃辣条进医院	85100		2020-07-09T20:45:48.977619
19	索尼中国	83655		2020-07-09T20:45:48.977745
20	重启之极海听雷	82006		2020-07-09T20:45:48.977871
21	蔡明 菜菜子	81900		2020-07-09T20:45:48.977996
22	贵州一隔离点4名缅甸籍人员撬窗外逃	80356		2020-07-09T20:45:48.978122
23	锦绣南歌	65759		2020-07-09T20:45:48.978248
24	喝酒被爸妈撞见是什么体验	64823		2020-07-09T20:45:48.978374
25	战毒	64536		2020-07-09T20:45:48.978499
26	孟美岐微博改名	64428		2020-07-09T20:45:48.978623
27	周迅加盟乐队的夏天2	64268		2020-07-09T20:45:48.978748
28	亚太6D卫星发射成功	64015		2020-07-09T20:45:48.978873
29	上千只燕子电线上排成五线谱	59406		2020-07-09T20:45:48.978997
30	香港单日新增确诊42例	58044		2020-07-09T20:45:48.979123
31	银行小伙卖假理财骗5000万元炒股	55032		2020-07-09T20:45:48.979248
32	哈哈哈哈哈嘉宾	54327		2020-07-09T20:45:48.979374
33	暮白首	52321		2020-07-09T20:45:48.979497
34	听到北京防疫CNN主播的表情	51566		2020-07-09T20:45:48.979621
35	用一张图形容密室大逃脱	51499		2020-07-09T20:45:48.979746
36	买两套公寓只有一扇门	50249		2020-07-09T20:45:48.979870
37	医院通报医生向患者发不雅信息	47278		2020-07-09T20:45:48.979993
38	93岁奶奶免费为考生送银耳汤	46822		2020-07-09T20:45:48.980133
39	光遇	42029		2020-07-09T20:45:48.980258
40	蹭痒蹭出钢管舞的熊	39911		2020-07-09T20:45:48.980380
41	都江堰景区对全国应届高考生免票	39239		2020-07-09T20:45:48.980501
42	THE9团综	36182		2020-07-09T20:45:48.980625
43	交警对着高考大巴比心	32645		2020-07-09T20:45:48.980749
44	小男孩撑伞在路上蹦跳	32402		2020-07-09T20:45:48.980872
45	风起洛阳	32296		2020-07-09T20:45:48.980995
46	青春有你3选男团	32234		2020-07-09T20:45:48.981117
47	北京高考化学	30586		2020-07-09T20:45:48.981239
48	衡水中学雇21辆公交车送考生离校	27434		2020-07-09T20:45:48.981364
49	复旦大学毕业晚会	27183		2020-07-09T20:45:48.981488
50	消防员洪水中接力护送7个月婴儿	25174		2020-07-09T20:45:48.981611
