排名	关键词	热度	特征	时间
1	边程向任敏道歉	4789978	新	2020-05-19T14:44:50.886812
2	袁隆平李子柒获聘农民丰收节推广大使	1937282	新	2020-05-19T14:44:50.886883
3	杨紫桃花色	1638406	荐	2020-05-19T14:44:50.886945
4	教师工资不低于公务员年底须完成	869865	沸	2020-05-19T14:44:50.887002
5	小学生跳惊鸿舞表情满分	834202	新	2020-05-19T14:44:50.887061
6	什么时候觉得TA配不上你	789150	荐	2020-05-19T14:44:50.887116
7	因疫情完全交不起租金可解除合同	776443		2020-05-19T14:44:50.887170
8	好友回忆翼装飞行失事女生	634297		2020-05-19T14:44:50.887216
9	未成年人网络打赏可以退还	502057		2020-05-19T14:44:50.887261
10	玛莎拉蒂案死者妻子否认收到赔偿	446144		2020-05-19T14:44:50.887305
11	李宇春520云婚礼主题曲	445437	热	2020-05-19T14:44:50.887349
12	GAI当爸	410793		2020-05-19T14:44:50.887404
13	江苏南通发头盔价格政策提醒告诫函	404884	新	2020-05-19T14:44:50.887455
14	一德国公司涉嫌骗取巴菲特6亿欧元	322726	新	2020-05-19T14:44:50.887517
15	这一声妈她等了32年	310527	新	2020-05-19T14:44:50.887578
16	外交部警告台独没有出路	289506	新	2020-05-19T14:44:50.887639
17	舒兰对俄罗斯来舒人员免费核酸检测	264557		2020-05-19T14:44:50.887699
18	翼装飞行失联女生最后一跳画面	263859		2020-05-19T14:44:50.887747
19	宋慧乔 玄彬	261396	新	2020-05-19T14:44:50.887795
20	王雨馨再发文	259453	新	2020-05-19T14:44:50.887855
21	40楼扔菜刀砸中200万路虎被刑拘	258231		2020-05-19T14:44:50.887914
22	露胯骨礼裙	254460	新	2020-05-19T14:44:50.887961
23	十年前夏天和现在的区别	251908	新	2020-05-19T14:44:50.888020
24	刘昊然和猴子对视	249535		2020-05-19T14:44:50.888080
25	5000家工厂每天15小时赶制平价头盔	246690		2020-05-19T14:44:50.888128
26	乱世佳人礼裙	245074		2020-05-19T14:44:50.888195
27	叶冲何樱跳舞	241814	新	2020-05-19T14:44:50.888247
28	欧美超300名儿童现类似川崎病症状	240642		2020-05-19T14:44:50.888305
29	尼日利亚海军解救遭劫中国渔船	236511	新	2020-05-19T14:44:50.888350
30	伊能静为秦昊庆生	216272		2020-05-19T14:44:50.888407
31	武当道长谈太极掌门被KO	209635		2020-05-19T14:44:50.888453
32	咸牛奶滑蛋虾仁	203258		2020-05-19T14:44:50.888508
33	奔驰女车主所涉公司资不抵债	190167		2020-05-19T14:44:50.888551
34	特朗普威胁永久冻结世卫组织资金	180263		2020-05-19T14:44:50.888594
35	精灵夫妇be	167477		2020-05-19T14:44:50.888638
36	学过最奇怪的知识点	162494		2020-05-19T14:44:50.888681
37	香港失业率5.2%创十年新高	153797	新	2020-05-19T14:44:50.888724
38	你5月20号的状态	152507		2020-05-19T14:44:50.888782
39	猪肉批发价格每公斤跌破40元	151860		2020-05-19T14:44:50.888830
40	银保监会对中行原油宝立案调查	151792	新	2020-05-19T14:44:50.888878
41	康定钙化滩漂移越野车牌曝光	151367	新	2020-05-19T14:44:50.888937
42	湖北江西相继出现云海奇观	151120	新	2020-05-19T14:44:50.888997
43	谭德塞呼吁全球团结抗疫	150891	新	2020-05-19T14:44:50.889056
44	政协委员建议加重处罚伤医者	150612	新	2020-05-19T14:44:50.889116
45	中国提名金立群为亚投行行长候选人	150424	新	2020-05-19T14:44:50.889175
46	吴佩慈未婚夫因欠租被提告	150232	新	2020-05-19T14:44:50.889235
47	把猫踹下床的后果	149944	新	2020-05-19T14:44:50.889295
48	餐馆倒闭前老板挨个通知顾客来退款	149471	新	2020-05-19T14:44:50.889354
49	梅溪湖建筑 悲伤蛙的眼睛	149435		2020-05-19T14:44:50.889414
50	建议对校园霸凌单独立法	146325		2020-05-19T14:44:50.889462
