排名	关键词	热度	特征	时间
1	谭松韵状态	3356932	热	2020-09-25T03:32:58.243850
2	青岛一公司发现2例无症状感染者	2685797	沸	2020-09-25T03:32:58.243960
3	孙俪又有新角色	2545749	荐	2020-09-25T03:32:58.244079
4	金鹰女神候选人关键词	2367506	新	2020-09-25T03:32:58.244171
5	曹格女儿10岁了	1911350	热	2020-09-25T03:32:58.244264
6	985头	1865375	新	2020-09-25T03:32:58.244353
7	北京新增1例境外输入无症状转确诊	740495	新	2020-09-25T03:32:58.244443
8	特朗普暗示或强推疫苗在大选前上市	663016		2020-09-25T03:32:58.244533
9	台战机清晨紧急起飞模拟制敌空袭	608341	新	2020-09-25T03:32:58.244604
10	刘洲成点赞说马苏拍戏少视频	599502		2020-09-25T03:32:58.244693
11	王一博杀青晒陈宇剧照	598885		2020-09-25T03:32:58.244763
12	王毅称国家不分大小风险没有边界	589232	新	2020-09-25T03:32:58.244834
13	女孩欲轻生民警急得想揍她	550571		2020-09-25T03:32:58.244922
14	沉默的真相太好哭了	535802		2020-09-25T03:32:58.244992
15	济南一公司发生蒸压釜爆炸事故	464727	新	2020-09-25T03:32:58.245062
16	黑龙江1例解除隔离无症状感染者复阳	437787	新	2020-09-25T03:32:58.245152
17	曲婉婷	434089	新	2020-09-25T03:32:58.245240
18	新冠灭活疫苗离成功只差最后一公里	414217		2020-09-25T03:32:58.245332
19	黑洞延时短片首公布	392914		2020-09-25T03:32:58.245402
20	徐姨娘	381479	新	2020-09-25T03:32:58.245471
21	林雨申好会亲	367832		2020-09-25T03:32:58.245564
22	秋天的第一杯奶茶	358839		2020-09-25T03:32:58.245635
23	青岛	333101		2020-09-25T03:32:58.245706
24	美国警察推自行车从示威者头上碾过	332027	新	2020-09-25T03:32:58.245779
25	原来满脸狐疑是这样来的	267473		2020-09-25T03:32:58.245870
26	孟鹤堂 我都结婚了	262209	热	2020-09-25T03:32:58.245944
27	李思雨陈一鸣分手	239481		2020-09-25T03:32:58.246035
28	辽宁舰山东舰完成海训	220131		2020-09-25T03:32:58.246107
29	湖人vs掘金	211487	新	2020-09-25T03:32:58.246180
30	警方通报连云港一家四口同日死亡案	205797		2020-09-25T03:32:58.246272
31	戚薇发文退出新手驾到	183751		2020-09-25T03:32:58.246346
32	郑爽好美	173421		2020-09-25T03:32:58.246419
33	最美逆行者兔子叔叔	163112		2020-09-25T03:32:58.246492
34	网购孔雀蛋孵出鸭子	152885		2020-09-25T03:32:58.246564
35	美国新冠确诊近697万例	146079		2020-09-25T03:32:58.246637
36	S10	145644	新	2020-09-25T03:32:58.246711
37	田蕤	141007		2020-09-25T03:32:58.246803
38	杨九郎送礼竟然只送塑料袋	132755		2020-09-25T03:32:58.246877
39	我喜欢你	130889		2020-09-25T03:32:58.246950
40	雪梨黄晓明直播	127612		2020-09-25T03:32:58.247022
41	小伙仅用一张纸折出魔兽手办	123812		2020-09-25T03:32:58.247095
42	百花奖	120976		2020-09-25T03:32:58.247166
43	稻谷熟了老人问警方儿子何时释放	120735		2020-09-25T03:32:58.247240
44	这很中国	109488		2020-09-25T03:32:58.247315
45	国际协作抓捕179名暗网犯罪嫌疑人	96010		2020-09-25T03:32:58.247387
46	诗酒蒙犽五杀	85745		2020-09-25T03:32:58.247462
47	英首相电视演讲时肚子咕噜叫	85556		2020-09-25T03:32:58.247536
48	辽宁舰8周岁	85489	新	2020-09-25T03:32:58.247609
49	拜仁夺得欧洲超级杯	81429	新	2020-09-25T03:32:58.247701
50	杜富国杜富佳献唱援鄂医务人员	81159		2020-09-25T03:32:58.247792
