排名	关键词	热度	特征	时间
1	伊能静黄圣依张萌 后妈茶话会	4262254	新	2020-07-10T15:56:36.762616
2	特朗普首次承诺戴口罩	4062291		2020-07-10T15:56:36.762700
3	微博视频号计划	4026439	荐	2020-07-10T15:56:36.762754
4	宁静把郑希怡脸亲黑了	3950251	沸	2020-07-10T15:56:36.762817
5	窦骁	3882975	新	2020-07-10T15:56:36.762877
6	你看我gag吗	2871582	荐	2020-07-10T15:56:36.762937
7	认出了好朋友的小羊	1731075	沸	2020-07-10T15:56:36.762998
8	容婳流产	1390685	新	2020-07-10T15:56:36.763058
9	赌王何鸿燊出殡	775820		2020-07-10T15:56:36.763118
10	日本举办可以偷的艺术展	692307		2020-07-10T15:56:36.763167
11	炙热的我们	691877		2020-07-10T15:56:36.763215
12	张雨绮组第一	691831		2020-07-10T15:56:36.763263
13	无印良品美国子公司申请破产保护	690057		2020-07-10T15:56:36.763311
14	科比ins转为缅怀账户	649012		2020-07-10T15:56:36.763360
15	香港踩踏焚烧国旗男子改判入狱5周	648578		2020-07-10T15:56:36.763408
16	奔跑吧	646503	新	2020-07-10T15:56:36.763456
17	腾讯老干妈和解	644686		2020-07-10T15:56:36.763514
18	程潇微博改名	644014		2020-07-10T15:56:36.763561
19	晋江崩了	642611	新	2020-07-10T15:56:36.763609
20	高三老师签永久假条学生喊不同意	640948		2020-07-10T15:56:36.763668
21	奈何boss又如何	640068	新	2020-07-10T15:56:36.763716
22	郑乃馨道歉	638906		2020-07-10T15:56:36.763774
23	本科生带老婆孩子拍毕业照	551660		2020-07-10T15:56:36.763821
24	少年之名	548690	新	2020-07-10T15:56:36.763867
25	韩警方排除首尔市长身亡他杀嫌疑	509075	新	2020-07-10T15:56:36.763925
26	医学生打游戏的优势	380635		2020-07-10T15:56:36.763984
27	阿朵经纪人发文	379484	热	2020-07-10T15:56:36.764051
28	吴昕一字马	367094		2020-07-10T15:56:36.764120
29	耿爽首次亮相联合国全英文发言	355595		2020-07-10T15:56:36.764174
30	张桂梅为她的159名学生送考	347733	新	2020-07-10T15:56:36.764227
31	战毒	336970	新	2020-07-10T15:56:36.764290
32	张萌的海豚音好励志	334825		2020-07-10T15:56:36.764354
33	angelababy双马尾自拍	334110	新	2020-07-10T15:56:36.764405
34	陕西秦始皇陵保护条例修订草案公布	327787	新	2020-07-10T15:56:36.764470
35	朴槿惠获刑20年	321403		2020-07-10T15:56:36.764530
36	乘风破浪的姐姐二公	320858		2020-07-10T15:56:36.764578
37	万茜造型	298307		2020-07-10T15:56:36.764624
38	2021年我国独居成年人接近1亿	269740		2020-07-10T15:56:36.764671
39	全球百万富豪达1960万人	259446		2020-07-10T15:56:36.764718
40	哔哩哔哩回应卫星发射失利	229783		2020-07-10T15:56:36.764783
41	最强大脑	229512	新	2020-07-10T15:56:36.764832
42	河南招办回应专升本考题泄露	225064		2020-07-10T15:56:36.764892
43	什刹海	220810	新	2020-07-10T15:56:36.764939
44	南昌一被山洪卷走消防员年仅21岁	213953	新	2020-07-10T15:56:36.764999
45	当亲戚聚在一起时	207214		2020-07-10T15:56:36.765059
46	香港青年质问美国为何如此双标	206660	新	2020-07-10T15:56:36.765107
47	缅甸偷渡者无人机喊话在逃同伴	206546	新	2020-07-10T15:56:36.765167
48	马克龙称巴黎圣母院将按原样修复	206461	新	2020-07-10T15:56:36.765235
49	王者世冠奖金3200万	203038		2020-07-10T15:56:36.765295
50	宠物出行的特别方式	191102		2020-07-10T15:56:36.765343
