排名	关键词	热度	特征	时间
1	王思聪甜仇	3742463	热	2020-08-31T07:54:38.230434
2	山西坍塌饭店老板亲戚发声	1425511	新	2020-08-31T07:54:38.230509
3	谭松韵现身妈妈被撞案庭审	1390540	热	2020-08-31T07:54:38.230571
4	iPhone12	1242414	沸	2020-08-31T07:54:38.230631
5	安宰贤不回归新西游记8	981309	沸	2020-08-31T07:54:38.230690
6	微博亲子季	819623	荐	2020-08-31T07:54:38.230749
7	参加外孙女婚礼姥爷用老人机打灯	812886	热	2020-08-31T07:54:38.230807
8	开学	699969	沸	2020-08-31T07:54:38.230864
9	特朗普连发4推谴责波特兰示威	595329		2020-08-31T07:54:38.230921
10	央视专访遭美国警察枪击非裔男子父亲	529453		2020-08-31T07:54:38.230968
11	五条人被复活	513852		2020-08-31T07:54:38.231027
12	贺梅离开原因	394368		2020-08-31T07:54:38.231074
13	山西坍塌饭店过寿老人称本不想办宴席	359980		2020-08-31T07:54:38.231121
14	大陆赠台大熊猫二胎取名圆宝	294914		2020-08-31T07:54:38.231168
15	报北大考古女生谈到父母哽咽了	265881		2020-08-31T07:54:38.231218
16	美军装甲车与韩国私家车相撞	261244		2020-08-31T07:54:38.231264
17	王一博镜子蹲	259479	新	2020-08-31T07:54:38.231310
18	肥牛麻酱宽粉	253830	新	2020-08-31T07:54:38.231368
19	基金	249584	新	2020-08-31T07:54:38.231427
20	宠物狗帮女孩监听望风家长	247312		2020-08-31T07:54:38.231486
21	虞书欣周末画报封面	241199	新	2020-08-31T07:54:38.231533
22	盖茨亲手做蛋糕祝福巴菲特90岁生日	236671		2020-08-31T07:54:38.231591
23	武汉大学生100小时记录开学故事	234571		2020-08-31T07:54:38.231638
24	股市	233553		2020-08-31T07:54:38.231685
25	像极了要返校的你	209296		2020-08-31T07:54:38.231731
26	臧鸿飞 为什么搜不到简单点这首歌	209099	热	2020-08-31T07:54:38.231778
27	何洛洛为使用盗版软件道歉	209068		2020-08-31T07:54:38.231836
28	乐山暴雨家长抢救学生教材	208659		2020-08-31T07:54:38.231882
29	罗冠军	203748		2020-08-31T07:54:38.231928
30	贵州茅台股价破1800元大关	193226	新	2020-08-31T07:54:38.231974
31	任豪 漱口水喝成红酒	193222		2020-08-31T07:54:38.232043
32	山西饭店坍塌26伤者生命体征平稳	184644	新	2020-08-31T07:54:38.232092
33	漫威纪念博斯曼视频	182209	新	2020-08-31T07:54:38.232150
34	捷克	180515		2020-08-31T07:54:38.232209
35	唐灿贺子秋	180210		2020-08-31T07:54:38.232256
36	胡宇桐小号发文	174944		2020-08-31T07:54:38.232303
37	VMA	167697		2020-08-31T07:54:38.232349
38	喜欢留中分的姐妹要注意了	165135		2020-08-31T07:54:38.232395
39	成毅哭戏感染力	154287		2020-08-31T07:54:38.232440
40	信条中国独家预告	150993	新	2020-08-31T07:54:38.232487
41	加油吧vicky	150941		2020-08-31T07:54:38.232551
42	儿子报警称被父亲用摄像头监控	150891	新	2020-08-31T07:54:38.232597
43	央视Boys的开学寄语	150846	新	2020-08-31T07:54:38.232656
44	穆雷哭了	150768	新	2020-08-31T07:54:38.232714
45	开学前一天老师们合唱悲惨世界	150698	新	2020-08-31T07:54:38.232771
46	75岁老人玩花样滑冰	150651	新	2020-08-31T07:54:38.232829
47	姜云升 道士rapper	150611	新	2020-08-31T07:54:38.232887
48	5名高中生将头晕男孩抬上泰山	150571		2020-08-31T07:54:38.232945
49	以家人之名	137002		2020-08-31T07:54:38.232991
50	中国学生申请英国本科数量同比涨两成	136420		2020-08-31T07:54:38.233039
