排名	关键词	热度	特征	时间
1	建议父母持合格父母证上岗	2815715	新	2020-05-26T04:52:42.546443
2	科学家重新发现被认为灭绝的枯鲁杜鹃	1021303	新	2020-05-26T04:52:42.546622
3	Redmi 10X	927929	荐	2020-05-26T04:52:42.546778
4	何鸿燊	911451	新	2020-05-26T04:52:42.546929
5	我可以亲你一下吗	893115		2020-05-26T04:52:42.547083
6	买烤箱升级好男人	892889	荐	2020-05-26T04:52:42.547213
7	网友吐槽湖南天空之镜景点	891375		2020-05-26T04:52:42.547372
8	张沫凡 可糖	864653		2020-05-26T04:52:42.547497
9	驻香港部队司令员表态	792386		2020-05-26T04:52:42.547623
10	刘雨昕偷亲Never	777340	沸	2020-05-26T04:52:42.547751
11	传闻中的陈芊芊	776271	热	2020-05-26T04:52:42.547907
12	建议因疫情归国留学生可入学高职高专	776026	沸	2020-05-26T04:52:42.548082
13	武汉首批36人获快递专业职称	775120	新	2020-05-26T04:52:42.548242
14	湖北新增26例无症状感染者	770517	新	2020-05-26T04:52:42.548400
15	北京地震局回应门头沟地震	765012		2020-05-26T04:52:42.548557
16	美国新冠病毒确诊超166万	760013		2020-05-26T04:52:42.548684
17	世卫提醒各国应警惕第二波疫情	759233		2020-05-26T04:52:42.548808
18	赵露思演技	751996	新	2020-05-26T04:52:42.548933
19	王一博短发	748888	新	2020-05-26T04:52:42.549089
20	冰雨火	747864		2020-05-26T04:52:42.549246
21	想结婚的人为什么越来越少	644280		2020-05-26T04:52:42.549373
22	双向恋爱能有多甜	489862	新	2020-05-26T04:52:42.549496
23	重庆一号线	452249		2020-05-26T04:52:42.549653
24	落花时节官宣	447723	新	2020-05-26T04:52:42.549777
25	上海地铁	368808		2020-05-26T04:52:42.549933
26	梦洁股份跌停	300705		2020-05-26T04:52:42.550057
27	两名N号房收费会员被逮捕	265601	新	2020-05-26T04:52:42.550182
28	相册里最有夏天感的照片	225791		2020-05-26T04:52:42.550339
29	李佳琦叫错虞书欣名字	200122		2020-05-26T04:52:42.550460
30	赞比亚中国公民遇害案现场	194676	新	2020-05-26T04:52:42.550585
31	1岁萌娃成小厨神	178092		2020-05-26T04:52:42.550741
32	北京地震市民家中玩偶挂饰左右晃动	177501		2020-05-26T04:52:42.550862
33	赌王何鸿燊	177132	新	2020-05-26T04:52:42.550987
34	世卫肯定中方对病毒溯源的积极态度	176525	新	2020-05-26T04:52:42.551142
35	大连梦幻荧光海	166015		2020-05-26T04:52:42.551299
36	新冠疫情在非洲没有大规模暴发	165954	新	2020-05-26T04:52:42.551421
37	TWICE回归新作MV预告	165586		2020-05-26T04:52:42.551577
38	幸福触手可及	157836		2020-05-26T04:52:42.551700
39	内蒙古新增境外输入确诊病例5例	156307	新	2020-05-26T04:52:42.551825
40	承包全球头等舱的男人	155471		2020-05-26T04:52:42.551981
41	把日落拍成了核爆炸	138187		2020-05-26T04:52:42.552122
42	世卫称不应假设新冠肺炎有季节性特点	125255	新	2020-05-26T04:52:42.552247
43	美女果然都是相似的	115960	新	2020-05-26T04:52:42.552403
44	世卫组织暂停羟氯喹治疗试验	113529		2020-05-26T04:52:42.552515
45	专访武汉病毒研究所研究员石正丽	112219	新	2020-05-26T04:52:42.552602
46	特警挑战训练二哈做警犬	112020		2020-05-26T04:52:42.552710
47	台积电挪部分订单给华为	107383		2020-05-26T04:52:42.552797
48	澳大利亚实现最快网速	106405		2020-05-26T04:52:42.552881
49	韫色过浓	106172		2020-05-26T04:52:42.552965
50	DOTA2小本子	98803		2020-05-26T04:52:42.553054
