排名	关键词	热度	特征	时间
1	黄景瑜调好高	234877		2020-06-25T21:46:47.171992
2	英国3家肉食加工厂超330人确诊	175795		2020-06-25T21:46:47.172122
3	隐秘的角落大结局	169396	沸	2020-06-25T21:46:47.172218
4	伊能静 泥塑秦昊第一人	154966		2020-06-25T21:46:47.172331
5	端午安康	131978	沸	2020-06-25T21:46:47.172419
6	李子柒笋壳粽	125673	沸	2020-06-25T21:46:47.172529
7	卡特宣布退役	105821	沸	2020-06-25T21:46:47.172636
8	要求纠正限制人员流动的不合理措施	86279		2020-06-25T21:46:47.172743
9	端午节	84726		2020-06-25T21:46:47.172834
10	郑希怡 刘雨昕为什么不回复我私信	84562	沸	2020-06-25T21:46:47.172920
11	李沁井柏然合唱春暖花开	73661		2020-06-25T21:46:47.173029
12	王瑶预言家	64281		2020-06-25T21:46:47.173114
13	北京确诊患者未去疫区在公厕感染	64281		2020-06-25T21:46:47.173198
14	云南沉船获救17人均为中国籍公民	63944		2020-06-25T21:46:47.173284
15	央视端午晚会	63779		2020-06-25T21:46:47.173369
16	严良	63564		2020-06-25T21:46:47.173455
17	秦昊伊能静跳无价之姐	63415		2020-06-25T21:46:47.173540
18	GAI这就是生活	63240		2020-06-25T21:46:47.173625
19	隐秘的角落解析	63168		2020-06-25T21:46:47.173709
20	端午假期首日旅游收入44.7亿元	56374		2020-06-25T21:46:47.173793
21	赵丽颖粽子自拍	56071		2020-06-25T21:46:47.173884
22	我是唱作人总决赛	55303		2020-06-25T21:46:47.173981
23	蜗牛与黄鹂鸟	54564		2020-06-25T21:46:47.174077
24	消防员听见警铃差点儿抱女儿出警	42626		2020-06-25T21:46:47.174170
25	天津冰雹	36177		2020-06-25T21:46:47.174264
26	刘雨昕回复郑希怡	35746		2020-06-25T21:46:47.174357
27	杨丞琳 宁静姐姐真的美炸天	35716		2020-06-25T21:46:47.174451
28	湖北农民工留言东莞图书馆	34711		2020-06-25T21:46:47.174545
29	赫鲁晓夫之子在美国因枪伤去世	34672		2020-06-25T21:46:47.174638
30	Ning皇子 MVP	34660		2020-06-25T21:46:47.174733
31	张艺兴醉酒抚琴	34639		2020-06-25T21:46:47.174825
32	许魏洲 刚出道时不是非常愉快	33701		2020-06-25T21:46:47.174919
33	少年之名预告	31701		2020-06-25T21:46:47.175013
34	国防部回应中印边境冲突	29457		2020-06-25T21:46:47.175106
35	专家回应很多人不敢吃海鲜了	28634		2020-06-25T21:46:47.175199
36	黄子韬薄荷绿发色	28601		2020-06-25T21:46:47.175292
37	王源将陶渊明的诗唱成歌	28448		2020-06-25T21:46:47.175382
38	北京一男子寻求刺激谎称核酸阳性	28182		2020-06-25T21:46:47.175473
39	时间管理大师朱朝阳	26426		2020-06-25T21:46:47.175567
40	猫猫能听懂人话吗	23706		2020-06-25T21:46:47.175658
41	王俊凯拍了拍自己	23196		2020-06-25T21:46:47.175749
42	杨超越 我真的不能现场发挥	23180		2020-06-25T21:46:47.175841
43	奥林巴斯退出相机业务	21789		2020-06-25T21:46:47.175933
44	FPX iG	21609		2020-06-25T21:46:47.176035
45	北京一病例确诊前4次核酸阴性	18287		2020-06-25T21:46:47.176129
46	古装禁毒宣传片	17977		2020-06-25T21:46:47.176224
47	RNG换人	16024		2020-06-25T21:46:47.176317
48	流浪狗变身交通指挥官	15967		2020-06-25T21:46:47.176410
49	iG战胜FPX	13448		2020-06-25T21:46:47.176502
50	包粽子	12704		2020-06-25T21:46:47.176593
