排名	关键词	热度	特征	时间
1	胡宇桐	1269681	沸	2020-08-30T19:47:45.576639
2	襄汾饭店过寿老人下跪道歉	367372	沸	2020-08-30T19:47:45.576828
3	新生劲型cp炸场	365336	荐	2020-08-30T19:47:45.576995
4	以家人之名	362150	热	2020-08-30T19:47:45.577157
5	杨紫编辑微博	334272	沸	2020-08-30T19:47:45.577313
6	我很潮玩我很人类	306071	荐	2020-08-30T19:47:45.577470
7	香港小姐决赛	283913		2020-08-30T19:47:45.577627
8	交警抱摔醉酒猥亵女学生男子	276476		2020-08-30T19:47:45.577754
9	日本政府计划9月17日选出新首相	270528		2020-08-30T19:47:45.577894
10	玻璃价格上涨	269519		2020-08-30T19:47:45.578012
11	贺子秋 为什么每一次被抛弃的都是我	269142	沸	2020-08-30T19:47:45.578128
12	苏小落	249230	新	2020-08-30T19:47:45.578279
13	心疼Rookie	248799		2020-08-30T19:47:45.578433
14	凌霄帮贺子秋还钱	248249		2020-08-30T19:47:45.578554
15	央视曝不合格办公椅存爆炸风险	247882		2020-08-30T19:47:45.578675
16	璇玑得知司凤是妖	247368		2020-08-30T19:47:45.578795
17	金晨发视频回应送勺粉丝	246801		2020-08-30T19:47:45.578917
18	当地残联回应150米盲道改成十八弯	246122	新	2020-08-30T19:47:45.579037
19	美军核潜艇现身挪威近海	245549		2020-08-30T19:47:45.579188
20	广东一企业申请阿京腾百商标被否	245083		2020-08-30T19:47:45.579309
21	唐灿贺子秋	244776	新	2020-08-30T19:47:45.579429
22	王艺瑾 甜	244161	新	2020-08-30T19:47:45.579576
23	喜欢留中分的姐妹要注意了	243810	新	2020-08-30T19:47:45.579725
24	谢嘉怡香港小姐冠军	243022	新	2020-08-30T19:47:45.579875
25	学生回应宿舍长出辣椒	242703		2020-08-30T19:47:45.580057
26	胡宇桐问臧鸿飞怎么打鼓才不愣	242308		2020-08-30T19:47:45.580186
27	12岁少年直播赚钱养家	213519	新	2020-08-30T19:47:45.580310
28	如何优雅地背着被子去学校	190683	新	2020-08-30T19:47:45.580454
29	新疆老兵退役前为战友打300个馕	173199		2020-08-30T19:47:45.580598
30	特朗普说自己的签名值1万美元	173029		2020-08-30T19:47:45.580709
31	学生返校晒被子时水管爆裂	173016		2020-08-30T19:47:45.580821
32	陈卓璇成了气氛组	162466		2020-08-30T19:47:45.580935
33	女童被风筝缠卷飞至半空	135563		2020-08-30T19:47:45.581048
34	情链	130137	新	2020-08-30T19:47:45.581161
35	加拿大抗议者推倒首任总理雕像	127127		2020-08-30T19:47:45.581313
36	任豪给刘谦交魔术作业	124165	新	2020-08-30T19:47:45.581444
37	天天向上	114475		2020-08-30T19:47:45.581605
38	iG输了	103988		2020-08-30T19:47:45.581733
39	S7冒泡赛兮夜用卡萨丁淘汰iG	86970		2020-08-30T19:47:45.581859
40	Ning伤害3032	83284		2020-08-30T19:47:45.581985
41	电动牙刷的宿命	77999		2020-08-30T19:47:45.582109
42	阴阳师	69856		2020-08-30T19:47:45.582236
43	武汉菜市场卖野生青蛙	69225		2020-08-30T19:47:45.582360
44	张宏民	69070		2020-08-30T19:47:45.582483
45	章子怡斥代拍	62553		2020-08-30T19:47:45.582606
46	小花生的男枪	61606		2020-08-30T19:47:45.582731
47	物业回应女童滞留电梯找家长时坠亡	58659		2020-08-30T19:47:45.582855
48	河南延津村民靠捉蟋蟀致富	55877		2020-08-30T19:47:45.582978
49	村干部回应16岁少年涉重大刑案潜逃	44903		2020-08-30T19:47:45.583102
50	美国拟从银行转走伊朗17亿美元资产	43484		2020-08-30T19:47:45.583226
