排名	关键词	热度	特征	时间
1	张雨绮工作室回应	503974	热	2020-09-02T19:43:47.231502
2	前台湾偶像歌手在成都当牙医	417459	沸	2020-09-02T19:43:47.231635
3	岳云鹏代言老乡鸡	417066	荐	2020-09-02T19:43:47.231750
4	内马尔感染新冠	414839	沸	2020-09-02T19:43:47.231855
5	王建国 我是天生的废物	360568	新	2020-09-02T19:43:47.231960
6	以家人之名	359893		2020-09-02T19:43:47.232086
7	中元节	297573	沸	2020-09-02T19:43:47.232181
8	村民吃哄抢榴莲食物中毒原因查明	256503		2020-09-02T19:43:47.232296
9	泰国国王恢复诗妮娜王室头衔	250569	沸	2020-09-02T19:43:47.232388
10	凌霄当着陈婷的面吻李尖尖	246455		2020-09-02T19:43:47.232502
11	卖水救母女孩被哈尔滨医科大学录取	209969	新	2020-09-02T19:43:47.232592
12	唐灿好可爱	209836		2020-09-02T19:43:47.232707
13	鹿晗演反派	189616		2020-09-02T19:43:47.232796
14	停课致韩国万吨牛奶订单取消	180773		2020-09-02T19:43:47.232885
15	被前男友当街打死女孩家属发声	174371	热	2020-09-02T19:43:47.232973
16	杨笠 身材平是对男人的不屑一顾	169285		2020-09-02T19:43:47.233085
17	印度宣布再禁用118款中国App	168634		2020-09-02T19:43:47.233174
18	日本拟在奥运前全民免费接种新冠疫苗	166682	新	2020-09-02T19:43:47.233264
19	多地发声要求非全日制学历一视同仁	164999		2020-09-02T19:43:47.233378
20	Angelababy发文告别摩天大楼	164068	新	2020-09-02T19:43:47.233467
21	不倒翁女孩表演中突然摔落	163111		2020-09-02T19:43:47.233579
22	琉璃	160887		2020-09-02T19:43:47.233669
23	修眉毛修出男朋友	159265		2020-09-02T19:43:47.233757
24	孩子间起冲突家长该不该介入	158398		2020-09-02T19:43:47.233845
25	脱口秀大会	157291		2020-09-02T19:43:47.233934
26	刘诗诗好美	144803		2020-09-02T19:43:47.234022
27	贺子秋贺梅和解	136844	新	2020-09-02T19:43:47.234111
28	外交部回应印度士兵在边界冲突中丧生	135729		2020-09-02T19:43:47.234221
29	1个月来处置1.36万违规吃播账号	135726		2020-09-02T19:43:47.234310
30	月亮	135724		2020-09-02T19:43:47.234399
31	庞博吐槽神童式教育	122642	新	2020-09-02T19:43:47.234487
32	在劫难逃	112949		2020-09-02T19:43:47.234599
33	皓衣行编剧回应加戏争议	107963		2020-09-02T19:43:47.234688
34	赵晓卉淘汰感言	98603		2020-09-02T19:43:47.234777
35	家长回应男孩泳池排便被索赔	98380		2020-09-02T19:43:47.234865
36	13楼扔电饭锅被采取刑事强制措施	97770		2020-09-02T19:43:47.234954
37	摩天大楼大结局	94351		2020-09-02T19:43:47.235042
38	司凤魔尊上位	89579		2020-09-02T19:43:47.235131
39	内蒙古根河已开始供暖	88607		2020-09-02T19:43:47.235220
40	司凤反捅昊辰	78684	新	2020-09-02T19:43:47.235309
41	金鹰奖首轮评选结果	75381		2020-09-02T19:43:47.235420
42	齐明月和妈妈吵架	73960		2020-09-02T19:43:47.235508
43	不期而爱	70441		2020-09-02T19:43:47.235595
44	辛巴 张雨绮	68931		2020-09-02T19:43:47.235683
45	司凤璇玑打起来了	57687		2020-09-02T19:43:47.235771
46	华春莹拿钟南山的话回应提问	55181		2020-09-02T19:43:47.235858
47	开学少不了朱广权的段子	51939		2020-09-02T19:43:47.235950
48	Zoom股价大涨市值超IBM	41875		2020-09-02T19:43:47.236045
49	独臂篮球少年发视频回应篮网邀约	33617		2020-09-02T19:43:47.236130
50	王勉唱当代年轻人的逃避方式	33346		2020-09-02T19:43:47.236212
