排名	关键词	热度	特征	时间
1	关晓彤为鹿晗庆生	1498672		2020-04-20T00:43:53.469232
2	上海巨响	853884		2020-04-20T00:43:53.469296
3	钱枫又胖了	695494		2020-04-20T00:43:53.469348
4	鹿晗	535849		2020-04-20T00:43:53.469397
5	夫妻的世界气人	404289		2020-04-20T00:43:53.469446
6	央视15分钟节目谢谢网友为湖北拼单	313162		2020-04-20T00:43:53.469511
7	一条小团团露脸	273900		2020-04-20T00:43:53.469561
8	孙力军接受中央纪委国家监委调查	272110		2020-04-20T00:43:53.469608
9	武汉两医生被ECMO救回后脸色发黑	271860		2020-04-20T00:43:53.469655
10	13岁男孩杀害10岁堂妹抛尸后仍闲逛	232206		2020-04-20T00:43:53.469701
11	baby吃到自己种的鸡毛菜	227557		2020-04-20T00:43:53.469753
12	中国为42000多位援鄂医护拍肖像照	192371		2020-04-20T00:43:53.469802
13	张贵妃怀孕	192104		2020-04-20T00:43:53.469849
14	浙江仙居发现珍稀中华斑羚	187465		2020-04-20T00:43:53.469897
15	天天向上	172703		2020-04-20T00:43:53.469943
16	女子民政局门口遭丈夫暴打	172208		2020-04-20T00:43:53.469990
17	日本景点砍80万株郁金香	171260		2020-04-20T00:43:53.470036
18	烧饼曹鹤阳淘汰	168462		2020-04-20T00:43:53.470082
19	西班牙新增死亡病例数降至四周最低	145791		2020-04-20T00:43:53.470129
20	张妼晗什么时候下线	138799		2020-04-20T00:43:53.470176
21	海外华人给张伟丽送米和电饭锅	138769		2020-04-20T00:43:53.470222
22	秦霄贤 声声慢	126963		2020-04-20T00:43:53.470268
23	汉服并不是突然火起来的	125177		2020-04-20T00:43:53.470315
24	虞书欣外网人气	120272	热	2020-04-20T00:43:53.470361
25	4名儿童土方内死亡定性为刑事案件	115191		2020-04-20T00:43:53.470419
26	中华白海豚罕见携幼崽现身	113658		2020-04-20T00:43:53.470468
27	我怕我没有机会和你说一声再见	96848		2020-04-20T00:43:53.470515
28	被埋土方两孩子家属曾报警孩子不见	92823		2020-04-20T00:43:53.470562
29	多地最新暑假时间	89479		2020-04-20T00:43:53.470608
30	十八岁喜欢的人怎么样了	86820		2020-04-20T00:43:53.470654
31	腊月红刺杀商细蕊	77902		2020-04-20T00:43:53.470699
32	你嗑过最早的一对CP	76747		2020-04-20T00:43:53.470745
33	男明星的身高梗	71578		2020-04-20T00:43:53.470792
34	个别省份本土聚集性病例持续增加	69355		2020-04-20T00:43:53.470838
35	王俊凯进不去家门	68355		2020-04-20T00:43:53.470884
36	发现4名儿童尸体小区曾被举报违建	65081		2020-04-20T00:43:53.470931
37	粉丝男友改名白敬亭男朋友	61242		2020-04-20T00:43:53.470977
38	清平乐预告	59413		2020-04-20T00:43:53.471023
39	Ella闻JonyJ头皮	57273		2020-04-20T00:43:53.471069
40	毕业论文致谢大赏	57070		2020-04-20T00:43:53.471116
41	武术老师上网课被猫咪打断	56644		2020-04-20T00:43:53.471163
42	还没适应戴口罩的泰国警官	51526		2020-04-20T00:43:53.471211
43	不完美的她大结局	49760		2020-04-20T00:43:53.471256
44	吉娜抱起150斤的郎朗	49421		2020-04-20T00:43:53.471302
45	剑魔伤害1676	45582		2020-04-20T00:43:53.471349
46	天天兄弟为援鄂医疗队办答谢宴	38888		2020-04-20T00:43:53.471395
47	孙红雷也在看青你2	36113		2020-04-20T00:43:53.471444
48	广州一星巴克发现疑似病例	32147		2020-04-20T00:43:53.471491
49	iG锁定常规赛第一	26580		2020-04-20T00:43:53.471538
50	欢乐喜剧人	23452		2020-04-20T00:43:53.471584
