排名	关键词	热度	特征	时间
1	天天向上	255340		2020-05-03T21:46:49.259913
2	中国赴马来西亚抗疫医疗专家组回国	153663		2020-05-03T21:46:49.260026
3	泡在五一春光里	149250	荐	2020-05-03T21:46:49.260123
4	湖南卫视五四晚会	145782	沸	2020-05-03T21:46:49.260252
5	撤回是你爸爸最后的温柔	142988	沸	2020-05-03T21:46:49.260363
6	应采儿晒Jasper作业	130116	热	2020-05-03T21:46:49.260478
7	金霏陈曦喜剧人夺冠	111410	新	2020-05-03T21:46:49.260585
8	把溶豆烤成了五子棋	96535		2020-05-03T21:46:49.260690
9	耗时4年在巨木上刻出清明上河图	90721		2020-05-03T21:46:49.260776
10	英国首相称医生曾为他制定死亡预案	88956		2020-05-03T21:46:49.260862
11	吴亦凡创3路透	88543	沸	2020-05-03T21:46:49.260955
12	黄子韬 能行就行不行就走	87890	热	2020-05-03T21:46:49.261078
13	猎狐	86573		2020-05-03T21:46:49.261197
14	我以为我很期待夏天	85528		2020-05-03T21:46:49.261292
15	日本九州岛附近海域6.0级地震	84597		2020-05-03T21:46:49.261387
16	母女穿汉服打卡黄鹤楼	83229		2020-05-03T21:46:49.261482
17	张艺凡不敢举手挑战	81861		2020-05-03T21:46:49.261575
18	不要做家里第一个开空调的人	81688		2020-05-03T21:46:49.261668
19	双向暗恋的细节表现	72060		2020-05-03T21:46:49.261761
20	你虚报身高最狠的一次	61542		2020-05-03T21:46:49.261855
21	哈尔滨下雪	60967		2020-05-03T21:46:49.261948
22	鞠婧祎好甜	60236		2020-05-03T21:46:49.262041
23	咸阳被裁医护接通知回医院上班	58922		2020-05-03T21:46:49.262134
24	全球最大吨位风电安装船吊臂断裂	51677		2020-05-03T21:46:49.262227
25	疫情期间的学生寝室	50819		2020-05-03T21:46:49.262320
26	你最讨厌做哪一项家务	47149		2020-05-03T21:46:49.262413
27	姚慧打败希林娜依高	45926		2020-05-03T21:46:49.262507
28	魏大勋rap	45160		2020-05-03T21:46:49.262601
29	妈妈第一次去海洋馆	43852		2020-05-03T21:46:49.262693
30	纽约州长称贸然解封是不顾人命	42509		2020-05-03T21:46:49.262784
31	新相亲大会	42451		2020-05-03T21:46:49.262878
32	谢安然接梗	42098		2020-05-03T21:46:49.262970
33	被烧饼的节目看哭	40867		2020-05-03T21:46:49.263062
34	LPL赛区S10积分	39172		2020-05-03T21:46:49.263154
35	塞尔维亚总统再次与中国专家组碰肘	34477		2020-05-03T21:46:49.263247
36	欢乐喜剧人	34453		2020-05-03T21:46:49.263342
37	大张伟 热血燃	34451		2020-05-03T21:46:49.263433
38	八旬老人十年间为亡妻种下牡丹花海	34411		2020-05-03T21:46:49.263524
39	白宇尤长靖合唱	34209		2020-05-03T21:46:49.263617
40	内蒙古5月飞雪	33982		2020-05-03T21:46:49.263709
41	美国得州警方直升机坠入公寓楼	33337		2020-05-03T21:46:49.263801
42	国家非遗南翔小笼推出甜味	31859		2020-05-03T21:46:49.263896
43	郑州40.8度追平当地5月高温纪录	31403		2020-05-03T21:46:49.263988
44	周深关于青春	29249		2020-05-03T21:46:49.264082
45	彭于晏头发	29194		2020-05-03T21:46:49.264182
46	司机被查耍赖抱树不走	28028		2020-05-03T21:46:49.264279
47	火箭军小姐姐Vlog打卡军营夜市	25143		2020-05-03T21:46:49.264372
48	16岁女孩登珠峰	23780		2020-05-03T21:46:49.264465
49	趵突泉遭遇停喷危机	23150		2020-05-03T21:46:49.264556
50	云南丽江日晕	20268		2020-05-03T21:46:49.264650
