排名	关键词	热度	特征	时间
1	甜仇发文	3757176	新	2020-08-31T11:46:45.826857
2	疫情致印度童婚事件显著增加	1512263	热	2020-08-31T11:46:45.826957
3	关晓彤 起舞	1380064	荐	2020-08-31T11:46:45.827042
4	陆柯燃暂时缺席THE9团体活动	1380064	新	2020-08-31T11:46:45.827123
5	乘风破浪的姐姐水墨画海报	1139995	新	2020-08-31T11:46:45.827201
6	学校不得强制或暗示购买指定资料	1046716	新	2020-08-31T11:46:45.827279
7	迪士尼感人的失物寻回事件	648664	沸	2020-08-31T11:46:45.827357
8	游客疑似给动物喂口罩被制止	527738		2020-08-31T11:46:45.827445
9	iPhone12	459405	沸	2020-08-31T11:46:45.827507
10	儿子报警称被父亲用摄像头监控	450303		2020-08-31T11:46:45.827586
11	王一博镜子蹲	406172	沸	2020-08-31T11:46:45.827648
12	外交部回应捷克参议院主席率团访台	352293	新	2020-08-31T11:46:45.827725
13	山西坍塌饭店老板亲戚发声	348366		2020-08-31T11:46:45.827801
14	警方通报企业家落水失踪	344613	新	2020-08-31T11:46:45.827869
15	开学	339836		2020-08-31T11:46:45.827945
16	工信部通报101款APP侵犯用户权益	338601	新	2020-08-31T11:46:45.828022
17	iPhone11浸泡8个月后仍可正常运行	334092		2020-08-31T11:46:45.828111
18	王思聪甜仇	327242	热	2020-08-31T11:46:45.828173
19	雀斑女生有多好看	326114	新	2020-08-31T11:46:45.828248
20	狗子听到家长进门提醒女孩写作业	322967		2020-08-31T11:46:45.828325
21	朴宝剑正式入伍	321123	新	2020-08-31T11:46:45.828390
22	肥牛麻酱宽粉	316069		2020-08-31T11:46:45.828466
23	西安天空出现奇异云层	294473		2020-08-31T11:46:45.828526
24	你拍过最治愈的天空	269876		2020-08-31T11:46:45.828587
25	当小说里的帅哥变成现实	267878	新	2020-08-31T11:46:45.828648
26	谭松韵现身妈妈被撞案庭审	267728	热	2020-08-31T11:46:45.828723
27	桂花椰汁西米糕	264345	新	2020-08-31T11:46:45.828799
28	千亿美元富豪俱乐部成员增至4位	216043		2020-08-31T11:46:45.828874
29	虞书欣周末画报封面	209320		2020-08-31T11:46:45.828936
30	Adobe全家桶最新宣传片	193933		2020-08-31T11:46:45.828996
31	雪顶椰香酥皮泡芙	176319	新	2020-08-31T11:46:45.829056
32	姜云升 道士rapper	173111		2020-08-31T11:46:45.829130
33	基金	167950		2020-08-31T11:46:45.829191
34	捷克	167192		2020-08-31T11:46:45.829250
35	贵州茅台股价破1800元大关	166957		2020-08-31T11:46:45.829310
36	野生涡轮增鸭	152331		2020-08-31T11:46:45.829371
37	参加外孙女婚礼姥爷用老人机打灯	142454		2020-08-31T11:46:45.829431
38	内蒙古十八弯盲道已改成直线	139982		2020-08-31T11:46:45.829490
39	五条人被复活	135311		2020-08-31T11:46:45.829551
40	轿车长满杂草	127119	新	2020-08-31T11:46:45.829622
41	用一部剧形容自己的新学期	125785	新	2020-08-31T11:46:45.829708
42	学生时期听过最有道理的话	125471		2020-08-31T11:46:45.829794
43	印度单日新增感染近8万	121877	新	2020-08-31T11:46:45.829861
44	安宰贤不回归新西游记8	111900		2020-08-31T11:46:45.829945
45	延时摄影下的花开	109014		2020-08-31T11:46:45.830012
46	开学前一天老师们合唱悲惨世界	100755		2020-08-31T11:46:45.830079
47	穆雷哭了	97782		2020-08-31T11:46:45.830147
48	央视Boys的开学寄语	97416		2020-08-31T11:46:45.830213
49	漫威纪念博斯曼视频	95811		2020-08-31T11:46:45.830280
50	盖茨亲手做蛋糕祝福巴菲特90岁生日	95574		2020-08-31T11:46:45.830346
