排名	关键词	热度	特征	时间
1	五月	552643	沸	2020-04-30T23:41:55.470224
2	郭涛道歉	409007	沸	2020-04-30T23:41:55.470398
3	翻盘2020 我是MVP	317536	荐	2020-04-30T23:41:55.470552
4	俄罗斯总理新冠病毒检测呈阳性	313724		2020-04-30T23:41:55.470700
5	学生致电教育局五一不放假遭硬核反问	208142	沸	2020-04-30T23:41:55.470827
6	虞书欣镜头	132012		2020-04-30T23:41:55.470972
7	宋仁宗痛失爱子	119337		2020-04-30T23:41:55.471088
8	塞尔维亚为中国医疗队授最高荣誉勋章	104214		2020-04-30T23:41:55.471202
9	赵泛舟周筱结婚	89978		2020-04-30T23:41:55.471320
10	全国首只虎狮虎兽出生	80747		2020-04-30T23:41:55.471435
11	消防员出警慢被批评监控还原真相	73942		2020-04-30T23:41:55.471563
12	广东一村发800万疫情补助金	68422		2020-04-30T23:41:55.471692
13	英国出现种菜养鸡潮	67366		2020-04-30T23:41:55.471820
14	Lisa表扬孔雪儿	62091		2020-04-30T23:41:55.471950
15	张艺兴整蛊GAI	60608		2020-04-30T23:41:55.472078
16	青春有你	51742		2020-04-30T23:41:55.472220
17	村民将200万现金埋地下5年	51597		2020-04-30T23:41:55.472350
18	让人立刻丧失好感的行为	51460		2020-04-30T23:41:55.472479
19	违反夜间外出禁令的猫	51406		2020-04-30T23:41:55.472606
20	毛不易拍的天空	51321		2020-04-30T23:41:55.472731
21	张文宏回应两周把病毒闷死	48304		2020-04-30T23:41:55.472856
22	安崎向赵小棠要抱抱	47679		2020-04-30T23:41:55.472979
23	最多的一个ICU病人抢救了9次	46038		2020-04-30T23:41:55.473103
24	新闻联播评蓬佩奥正在向全世界叫板	43474		2020-04-30T23:41:55.473226
25	内蒙古农民修路发现辽代壁画墓	41022		2020-04-30T23:41:55.473350
26	女孩为父买药刮蹭小车结局感人	38065		2020-04-30T23:41:55.473474
27	汪苏泷上课好温柔	38050		2020-04-30T23:41:55.473598
28	韵达获阿里2%股权投资	38031		2020-04-30T23:41:55.473723
29	张若昀挥剑斩柳絮	37378		2020-04-30T23:41:55.473848
30	你眼中的浙江是什么样子	37234		2020-04-30T23:41:55.473971
31	韩国拟将性同意年龄提高至16岁	34402		2020-04-30T23:41:55.474094
32	刘雨昕喻言battle	34355		2020-04-30T23:41:55.474218
33	石家庄高速口堵车长达两三公里	33078		2020-04-30T23:41:55.474342
34	徽柔抱着怀吉痛哭	30653		2020-04-30T23:41:55.474467
35	文旅部部长建议游客假期四不去	30504		2020-04-30T23:41:55.474591
36	98岁法国医生坚守抗疫一线	29619		2020-04-30T23:41:55.474716
37	T179次列车脱轨事故调查结果公布	29603		2020-04-30T23:41:55.474841
38	错换人生河南母亲首见患癌儿子	28795		2020-04-30T23:41:55.474966
39	马赛克礼裙	26808		2020-04-30T23:41:55.475088
40	我已经预见了我的五一假期	26171		2020-04-30T23:41:55.475211
41	员工拒绝加班被判赔公司1万8	23528		2020-04-30T23:41:55.475334
42	曹承衍王一博对话	22690		2020-04-30T23:41:55.475459
43	国务院派督导组指导黑龙江防控工作	21619		2020-04-30T23:41:55.475583
44	RAIN身材	21609		2020-04-30T23:41:55.475708
45	学霸宅家作息表	20691		2020-04-30T23:41:55.475830
46	致我们甜甜的小美满大结局	20201		2020-04-30T23:41:55.475954
47	100余万大学生已返校	19987		2020-04-30T23:41:55.476079
48	第一次和狗狗见面时的样子	19900		2020-04-30T23:41:55.476219
49	郑恺的腰	17554		2020-04-30T23:41:55.476349
50	夏远抱吴稼琪转圈圈	16355		2020-04-30T23:41:55.476472
