排名	关键词	热度	特征	时间
1	高考	489160		2020-07-06T23:51:42.210566
2	试用期必须为员工缴纳社保	254786	沸	2020-07-06T23:51:42.210713
3	迪奥二零二零秋冬高订	219414	荐	2020-07-06T23:51:42.210881
4	杨幂唱mojito	164088		2020-07-06T23:51:42.211048
5	河神2没有李现	142806		2020-07-06T23:51:42.211180
6	大熊猫双胞胎顺顺溜溜病亡	126340		2020-07-06T23:51:42.211309
7	女明星的大胆发言	103063		2020-07-06T23:51:42.211435
8	莫向晚创业	99825		2020-07-06T23:51:42.211561
9	环卫工被顶替教师岗26年调查结果	93383		2020-07-06T23:51:42.211686
10	中国十大美好生活城市	80109		2020-07-06T23:51:42.211813
11	陈锡向月娘求婚	79106		2020-07-06T23:51:42.211938
12	鹿晗孙如云合照	78512		2020-07-06T23:51:42.212079
13	淮安发生重大暴力袭警案	77775		2020-07-06T23:51:42.212202
14	新冠病毒在亚洲出现前已在其他地方出现	76621		2020-07-06T23:51:42.212318
15	河神2	75686		2020-07-06T23:51:42.212433
16	400年前明代石拱桥被冲毁	75437		2020-07-06T23:51:42.212546
17	鱼四没死	74800		2020-07-06T23:51:42.212660
18	驻韩美军大闹釜山	73756		2020-07-06T23:51:42.212772
19	爬6楼救人因恐高被困男子是退伍军人	73100		2020-07-06T23:51:42.212884
20	张雨绮帮李斯丹妮拒绝蓝盈莹	72898	热	2020-07-06T23:51:42.212997
21	男孩高空抛水袋找乐子	70648		2020-07-06T23:51:42.213141
22	郑云龙方回应仝卓喊话	68542	热	2020-07-06T23:51:42.213254
23	高考前一晚怎么度过的	57465		2020-07-06T23:51:42.213397
24	货车门没关好致千余箱茅台掉落	55365		2020-07-06T23:51:42.213510
25	A股牛市真来了吗	54607		2020-07-06T23:51:42.213622
26	小娘惹	54106		2020-07-06T23:51:42.213734
27	减震堪比劳斯莱斯的小鸟	52856		2020-07-06T23:51:42.213844
28	港独分子周庭认罪	51855		2020-07-06T23:51:42.213955
29	当电视画面投影在玻璃上	49648		2020-07-06T23:51:42.214068
30	外交部提醒中国公民近期谨慎前往加拿大	48454		2020-07-06T23:51:42.214180
31	郭碧婷	47305		2020-07-06T23:51:42.214292
32	仝卓喊话郑云龙	44259		2020-07-06T23:51:42.214403
33	一寸相思大结局	44068		2020-07-06T23:51:42.214516
34	如花扮演者李健仁中风	42427		2020-07-06T23:51:42.214635
35	黄子韬关注徐艺洋	41840		2020-07-06T23:51:42.214758
36	打工小伙在工地自学4年古筝	41089		2020-07-06T23:51:42.214883
37	香港国安法第43条实施细则刊宪	39713		2020-07-06T23:51:42.215009
38	香港国安法实施细则7月7日生效	39685		2020-07-06T23:51:42.215134
39	A到爆高考冲刺版无价之姐	39661		2020-07-06T23:51:42.215260
40	jennie划水	38748		2020-07-06T23:51:42.215384
41	阿朵 这是你的功课	36907		2020-07-06T23:51:42.215507
42	湖南省5所高校升一本	36228		2020-07-06T23:51:42.215631
43	嘴强王者秒变青铜	35289		2020-07-06T23:51:42.215753
44	周深郎朗cos家有儿女	33816		2020-07-06T23:51:42.215876
45	痕迹大结局	33788		2020-07-06T23:51:42.216010
46	彩虹奶茶冰粥	33147		2020-07-06T23:51:42.216142
47	四川32名学子保送清华北大	32834		2020-07-06T23:51:42.216267
48	湖北提升暴雨应急响应为二级	32643		2020-07-06T23:51:42.216393
49	鸡蛋价格半年降近3成	30511		2020-07-06T23:51:42.216516
50	厦门六中唱我相信为高考加油	30175		2020-07-06T23:51:42.216640
