排名	关键词	热度	特征	时间
1	于正	3215970	沸	2020-06-03T05:57:37.580683
2	普京批准俄罗斯核威慑政策	1823267		2020-06-03T05:57:37.580816
3	618必囤眼霜	1747508	荐	2020-06-03T05:57:37.580910
4	青簪行双人海报	1444471	沸	2020-06-03T05:57:37.581022
5	地摊经济	1378823	新	2020-06-03T05:57:37.581130
6	高温补贴还有人没领吗	1303415	荐	2020-06-03T05:57:37.581237
7	姜贞羽因伤暂停录制创3	1286862		2020-06-03T05:57:37.581344
8	特鲁多记者会沉默20秒	899985	新	2020-06-03T05:57:37.581429
9	天涯客	696798	新	2020-06-03T05:57:37.581538
10	特朗普和美国州长电话会议录音	652594		2020-06-03T05:57:37.581643
11	日本大和市拟认定边走边看手机违法	500230	新	2020-06-03T05:57:37.581728
12	连云港药神案二审14人均减刑	454988	新	2020-06-03T05:57:37.581835
13	美多州州长拒绝特朗普想派军队决定	450679		2020-06-03T05:57:37.581941
14	俄外交部回应美国欲邀请参加G7峰会	437831	新	2020-06-03T05:57:37.582035
15	6月天象预报	392116	新	2020-06-03T05:57:37.582156
16	美国警察为何如此暴力	296906		2020-06-03T05:57:37.582275
17	明尼苏达州国民警卫队队员确诊新冠	286808	新	2020-06-03T05:57:37.582370
18	李一桐	285380	热	2020-06-03T05:57:37.582489
19	杨鸣黄景瑜同框	283593	新	2020-06-03T05:57:37.582607
20	李荣浩 在一起嘛好不好	282514		2020-06-03T05:57:37.582726
21	余额宝收益率低于1年期定存	280659		2020-06-03T05:57:37.582819
22	苹果将追踪定位iPhone抢夺者	279194	新	2020-06-03T05:57:37.582913
23	李仙姬朴灿烈合作	276890	新	2020-06-03T05:57:37.583030
24	上海首批房地产经纪人黑名单	276279	新	2020-06-03T05:57:37.583148
25	高三老师穿小熊服装给学生减压	274892		2020-06-03T05:57:37.583266
26	67岁老农用17年种出椅子树	264372		2020-06-03T05:57:37.583362
27	金晨点赞于正微博	246300		2020-06-03T05:57:37.583457
28	美国警察用盾牌猛击澳大利亚记者	218193		2020-06-03T05:57:37.583550
29	武汉交警推出共享头盔	203698	新	2020-06-03T05:57:37.583643
30	黑河国家森林公园首次发现大熊猫	196341		2020-06-03T05:57:37.583761
31	宵禁开始白宫外抗议人群未散去	196217	新	2020-06-03T05:57:37.583853
32	纽约时报还原黑人受害致死事件	195970		2020-06-03T05:57:37.583962
33	刘雨昕金色长发	195901		2020-06-03T05:57:37.584062
34	拼多多回应二次上市	195614		2020-06-03T05:57:37.584149
35	美官员担忧抗议可能引发第二波疫情	170294		2020-06-03T05:57:37.584234
36	黑人见义勇为阻止抢劫反被铐住	162223		2020-06-03T05:57:37.584318
37	美国新冠肺炎超182万例	152944		2020-06-03T05:57:37.584402
38	幼儿园复学全班只来了1人	152219		2020-06-03T05:57:37.584486
39	北京环球城市大道2021年开门	140330	新	2020-06-03T05:57:37.584574
40	做过哪些奇奇怪怪的作业	138623		2020-06-03T05:57:37.584686
41	欧美明星集体发纯黑图片	130238		2020-06-03T05:57:37.584779
42	明尼阿波利斯市警局被提起民权指控	102363		2020-06-03T05:57:37.584872
43	张家界现流云飞瀑	99582		2020-06-03T05:57:37.584965
44	雷佳音把pick打成PK	95940		2020-06-03T05:57:37.585059
45	快速把人气到的新方法	94518		2020-06-03T05:57:37.585151
46	臭豆腐辣炒年糕	86275		2020-06-03T05:57:37.585245
47	三重门	78603		2020-06-03T05:57:37.585337
48	夏日冰透极光猫眼甲	73649	新	2020-06-03T05:57:37.585430
49	刘恺威	73314		2020-06-03T05:57:37.585546
50	川航备降事件机长缺氧飞行近20分钟	72682		2020-06-03T05:57:37.585639
