排名	关键词	热度	特征	时间
1	浦东机场	4705382	新	2020-07-22T11:34:59.147425
2	公司修改Yamy后援会账号密码	3960609	新	2020-07-22T11:34:59.147578
3	休斯敦领事馆	2276722	沸	2020-07-22T11:34:59.147708
4	侃爷 卡戴珊	2096784	新	2020-07-22T11:34:59.147835
5	微信取消两分钟内删除功能	1749304	热	2020-07-22T11:34:59.147961
6	刘雨昕彩妆代言	1717968	荐	2020-07-22T11:34:59.148102
7	张一山宋妍霏	1717651	沸	2020-07-22T11:34:59.148226
8	美方要求中方关闭驻休斯敦总领馆	1533443	新	2020-07-22T11:34:59.148348
9	胡锡进	1301174		2020-07-22T11:34:59.148473
10	1998年险些牺牲的抗洪老兵再次请战	771517	新	2020-07-22T11:34:59.148571
11	徐明朝 我道歉但不会向Yamy道歉	760826	沸	2020-07-22T11:34:59.148695
12	三十而已	694474		2020-07-22T11:34:59.148818
13	教育局回应初中生后仰跳投不慎坠楼	593896		2020-07-22T11:34:59.148918
14	河北警方通报铁锹杀人案	542348		2020-07-22T11:34:59.149019
15	婺源被洪水冲走彩虹桥找回3根大梁	533196	新	2020-07-22T11:34:59.149116
16	外交部回应美要求关闭驻休斯敦总领馆	528899	新	2020-07-22T11:34:59.149238
17	中国式家长下架	525222	新	2020-07-22T11:34:59.149359
18	恋爱前要不要做背景调查	516773	新	2020-07-22T11:34:59.149481
19	江疏影呼吁良性职场竞争	510129	新	2020-07-22T11:34:59.149603
20	外卖小哥头上全是耳朵	496549		2020-07-22T11:34:59.149727
21	李诞悼念赖宝	492250		2020-07-22T11:34:59.149823
22	浙大犯强奸罪学生	488473		2020-07-22T11:34:59.149922
23	千万不要瞎连蓝牙	453548		2020-07-22T11:34:59.150020
24	中国熊猫夫妇在韩国产子	425429		2020-07-22T11:34:59.150117
25	居然被一只猫帅到了	405265		2020-07-22T11:34:59.150214
26	邓伦臂力	400312		2020-07-22T11:34:59.150311
27	玲花 我跟大家一样在线吃瓜	400051		2020-07-22T11:34:59.150407
28	PUA	385522		2020-07-22T11:34:59.150503
29	港股	374130	新	2020-07-22T11:34:59.150601
30	喜欢你我也是结局	357871		2020-07-22T11:34:59.150721
31	往下跳别名吴邪遗书	340297		2020-07-22T11:34:59.150822
32	香港市民室内公共场所须强制戴口罩	336029		2020-07-22T11:34:59.150934
33	重启官宣加更	308107	新	2020-07-22T11:34:59.151046
34	00后内向男孩成国内首位手语翻译	298619	新	2020-07-22T11:34:59.151183
35	密室大逃脱	289850		2020-07-22T11:34:59.151320
36	父亲回应家属被男子持铁锹暴打	288558		2020-07-22T11:34:59.151428
37	工信部严查95号段涉网络诈骗	249861	新	2020-07-22T11:34:59.151535
38	杨幂Tmagazine封面	211915		2020-07-22T11:34:59.151672
39	浙大犯强奸罪学生成绩单	211377		2020-07-22T11:34:59.151780
40	美国阿拉斯加州以南海域7.8级地震	210752		2020-07-22T11:34:59.151886
41	哈尔滨暴雨	209090		2020-07-22T11:34:59.151993
42	2020王者荣耀世冠	200952		2020-07-22T11:34:59.152116
43	王晴马健星结局	195552		2020-07-22T11:34:59.152225
44	张雨绮遇泥石流	186973	新	2020-07-22T11:34:59.152333
45	熊笑宇宋名申好甜	184469		2020-07-22T11:34:59.152468
46	黄子韬加盟说唱新世代	181929		2020-07-22T11:34:59.152575
47	豆瓣崩了	175613	新	2020-07-22T11:34:59.152682
48	香港美心月饼一工厂员工确诊	173695		2020-07-22T11:34:59.152816
49	男子持铁锹当街暴打老人小孩	169619		2020-07-22T11:34:59.152924
50	杭州失踪女子	168911		2020-07-22T11:34:59.153031
