排名	关键词	热度	特征	时间
1	肖战视频专访	381263	沸	2020-05-06T23:38:57.302213
2	湖北首例新冠肺炎终末期患者肺移植手术	188939		2020-05-06T23:38:57.302401
3	李佳琦小助理转幕后做合伙人	165589	热	2020-05-06T23:38:57.302576
4	李易峰劝架	163237	沸	2020-05-06T23:38:57.302734
5	被活埋的瘫痪母亲生命体征平稳	148165	沸	2020-05-06T23:38:57.302880
6	周冬雨片场化妆	75248	荐	2020-05-06T23:38:57.303021
7	华春莹霸气回应有人想借疫情打击中国	68907		2020-05-06T23:38:57.303159
8	武汉高三学生这样吃午餐	65722		2020-05-06T23:38:57.303273
9	史上最热心的房东	53744		2020-05-06T23:38:57.303387
10	伊朗宣布1万旧币换1新币	47862		2020-05-06T23:38:57.303500
11	关空调后像极了案发现场	46840		2020-05-06T23:38:57.303614
12	郑秀文回应金像奖陪跑	46837		2020-05-06T23:38:57.303725
13	虎门大桥最新检测情况	43265		2020-05-06T23:38:57.303836
14	金像奖	35642		2020-05-06T23:38:57.303945
15	宋仁宗称怀吉是知己	35131		2020-05-06T23:38:57.304056
16	印尼班达海7.2级地震	32936		2020-05-06T23:38:57.304167
17	老人忘带钥匙用绳索从6楼吊孙子开门	32928		2020-05-06T23:38:57.304301
18	中信银行回应池子投诉	32665		2020-05-06T23:38:57.304414
19	大唐明月阵容	32551		2020-05-06T23:38:57.304525
20	货拉拉回应搬家司机坐地起价	32386		2020-05-06T23:38:57.304637
21	男子疑活埋瘫痪母亲	32345		2020-05-06T23:38:57.304748
22	马思纯祝贺周冬雨	32107		2020-05-06T23:38:57.304858
23	戴耳机玩手机游戏导致失聪	32092		2020-05-06T23:38:57.304970
24	官方回应洒水车驱逐赶集人群	27590		2020-05-06T23:38:57.305081
25	小学生世界名画仿拍秀	26659		2020-05-06T23:38:57.305193
26	小鹿的可爱叫声	26447		2020-05-06T23:38:57.305305
27	黄晓明 小明历险记	26298		2020-05-06T23:38:57.305415
28	来重庆荡秋千吗	26020		2020-05-06T23:38:57.305526
29	外卖小哥护送医生回医院救人	25822		2020-05-06T23:38:57.305636
30	约翰逊复工首次质询称工作的感觉真好	25169		2020-05-06T23:38:57.305746
31	多地明确520和521婚姻登记需预约	24662		2020-05-06T23:38:57.305857
32	敦煌沙漠深处迎万只水鸟	23966		2020-05-06T23:38:57.305967
33	带一车纸尿裤支援武汉的医生回家了	22988		2020-05-06T23:38:57.306076
34	郑秀文陪跑	21723		2020-05-06T23:38:57.306187
35	中央要求提升疫情监测预警能力	21671		2020-05-06T23:38:57.306297
36	全国老师统一的口头禅	21660		2020-05-06T23:38:57.306408
37	杭州5天发生11起汽车自燃	21072		2020-05-06T23:38:57.306516
38	你现在仍保留的孩子气行为	20440		2020-05-06T23:38:57.306627
39	重庆酒店的床头礼物	19672		2020-05-06T23:38:57.306737
40	徽柔听曹评唱歌	19116		2020-05-06T23:38:57.306846
41	阅文明确著作人身权归属作者	18963		2020-05-06T23:38:57.306955
42	当遥控器突然失灵时	17870		2020-05-06T23:38:57.307064
43	易烊千玺金像奖最佳新演员	17654		2020-05-06T23:38:57.307175
44	武汉商场再现百米购物长队	17373		2020-05-06T23:38:57.307285
45	92岁外婆带83岁奶奶摸河蚌	15767		2020-05-06T23:38:57.307397
46	韩国比赛因疫情设假人观众	15258		2020-05-06T23:38:57.307506
47	三星继承人李在镕道歉	15024		2020-05-06T23:38:57.307617
48	SM慈善公演延期	14567		2020-05-06T23:38:57.307726
49	周冬雨金像奖最佳女主角	14287		2020-05-06T23:38:57.307836
50	工信部批复组建两家国家制造业创新中心	13944		2020-05-06T23:38:57.307946
