排名	关键词	热度	特征	时间
1	李海潮 那肯定没问题	1151532		2020-09-04T00:59:31.095119
2	内地已派427名核酸检测队员支援香港	513314		2020-09-04T00:59:31.095197
3	陈婷精神状态	492067		2020-09-04T00:59:31.095259
4	乃万工作室道歉	464197		2020-09-04T00:59:31.095318
5	沈腾马丽再合作	380138		2020-09-04T00:59:31.095375
6	以家人之名预告	340221		2020-09-04T00:59:31.095432
7	大学生开学日去世捐献眼角膜和遗体	267844		2020-09-04T00:59:31.095488
8	要求学生自带床板校长被停职	266298		2020-09-04T00:59:31.095544
9	印巴交火一名印度军官死亡	251039		2020-09-04T00:59:31.095600
10	璇玑追夫成功	247437		2020-09-04T00:59:31.095655
11	罗志祥ins点赞	238024	热	2020-09-04T00:59:31.095710
12	薛之谦火锅店声明	228784		2020-09-04T00:59:31.095782
13	想看贺梅怼陈婷	215458		2020-09-04T00:59:31.095837
14	我国每学期用掉超19.4亿张塑料书皮	198552		2020-09-04T00:59:31.095893
15	乘风破浪的姐姐 男嘉宾	187540	热	2020-09-04T00:59:31.095953
16	退伍军人回家母亲瞬间跳到儿子身上	187459		2020-09-04T00:59:31.096041
17	美股	187411		2020-09-04T00:59:31.096107
18	湖南女生把滞留外地的武汉女孩接到家	187312		2020-09-04T00:59:31.096169
19	抠门退休教师捐出100多万用于教育	187197		2020-09-04T00:59:31.096232
20	刘诗诗港风封面	187146		2020-09-04T00:59:31.096293
21	上海查获4亿元假动漫手办	179232		2020-09-04T00:59:31.096354
22	大学围墙站满了外卖小哥	168611		2020-09-04T00:59:31.096416
23	公司要求员工自愿签奋斗者协议	143414		2020-09-04T00:59:31.096477
24	美方官员视中国留学生为间谍是妄想症	140349		2020-09-04T00:59:31.096538
25	王嘉尔生图	139521		2020-09-04T00:59:31.096599
26	离人心上	129498		2020-09-04T00:59:31.096660
27	成龙北京两套豪宅将被拍卖	109533		2020-09-04T00:59:31.096720
28	731部队成员审判录音片段公布	108188		2020-09-04T00:59:31.096781
29	华春莹称美国反华势力已丧失理性	107396		2020-09-04T00:59:31.096842
30	杨幂蓝色油画大片	107140		2020-09-04T00:59:31.096902
31	我和我的家乡神笔马亮	101109		2020-09-04T00:59:31.096963
32	兵哥哥退伍后向女友报到	100309		2020-09-04T00:59:31.097024
33	教官回应女生军训被蜜蜂爬脸	93137		2020-09-04T00:59:31.097085
34	海豹原来是这样睡觉的	83677		2020-09-04T00:59:31.097146
35	郑爽 我在给自己一个任性的过程	80149		2020-09-04T00:59:31.097206
36	黄正音申请离婚	77036		2020-09-04T00:59:31.097268
37	原来鹿真是这么打架的	69135		2020-09-04T00:59:31.097327
38	姜贞羽小号发文	68924		2020-09-04T00:59:31.097383
39	火鸡面芝士脆皮鸡	68633		2020-09-04T00:59:31.097438
40	纳什担任篮网新任主教练	66937		2020-09-04T00:59:31.097494
41	王者荣耀	66415		2020-09-04T00:59:31.097548
42	张艺兴 嘲笑我可以不要嘲笑努力	64268		2020-09-04T00:59:31.097604
43	和平精英	59142		2020-09-04T00:59:31.097660
44	阴阳师	58728		2020-09-04T00:59:31.097715
45	印度或将有三成餐厅倒闭	57330		2020-09-04T00:59:31.097769
46	在劫难逃刺激	56585		2020-09-04T00:59:31.097824
47	台风美莎克	55991		2020-09-04T00:59:31.097879
48	陈赫	54301		2020-09-04T00:59:31.097934
49	特朗普借老兵diss拜登	54040		2020-09-04T00:59:31.097992
50	假如能够重返大一	53975		2020-09-04T00:59:31.098052
