排名	关键词	热度	特征	时间
1	家暴出轨不受离婚冷静期限制	3638792	新	2020-05-29T02:56:39.284737
2	赵丽颖 健身有点小优势	1537478	沸	2020-05-29T02:56:39.284856
3	单立人喜剧夜	1155692	荐	2020-05-29T02:56:39.284957
4	美国部分示威者焚烧美国国旗	758322	沸	2020-05-29T02:56:39.285053
5	仝卓 快乐大本营	751162	新	2020-05-29T02:56:39.285147
6	居住权	751121	新	2020-05-29T02:56:39.285240
7	驻加使馆 加拿大扮演美方帮凶角色	733264	新	2020-05-29T02:56:39.285333
8	明尼苏达州暴力抗议活动升级	660677		2020-05-29T02:56:39.285426
9	袁姗姗道歉	557891	热	2020-05-29T02:56:39.285501
10	Knight艾克秒杀Faker沙皇	534708		2020-05-29T02:56:39.285593
11	婚姻法	523432	沸	2020-05-29T02:56:39.285667
12	丁禹兮 我不会离开大家的哦	459897	热	2020-05-29T02:56:39.285759
13	美国新冠肺炎确诊病例超171万	458166	新	2020-05-29T02:56:39.285850
14	百岁老人战胜新冠喝冰啤酒庆祝	381827		2020-05-29T02:56:39.285942
15	离婚需要冷静吗	362161		2020-05-29T02:56:39.286015
16	巴西单日新增死亡连续三天超1000	309317	新	2020-05-29T02:56:39.286089
17	婆婆和妈妈	308635	新	2020-05-29T02:56:39.286181
18	郑钧越努力越心酸	305969	新	2020-05-29T02:56:39.286273
19	长期不上班是啥体验	303631	新	2020-05-29T02:56:39.286364
20	衡水高三学子站立举读	303195	新	2020-05-29T02:56:39.286456
21	百兽哭了	300773	新	2020-05-29T02:56:39.286546
22	陈粒且慢	298677	新	2020-05-29T02:56:39.286637
23	学校为毕业生组织篝火晚会	296205		2020-05-29T02:56:39.286728
24	当官方也开始玩谐音梗	295655		2020-05-29T02:56:39.286802
25	秋蝉	295245		2020-05-29T02:56:39.286875
26	明尼苏达州将出动国民警卫队	247324	新	2020-05-29T02:56:39.286949
27	陈钰琪 可爱	243846		2020-05-29T02:56:39.287040
28	GAI 没对	242232		2020-05-29T02:56:39.287113
29	应届生的身份到底多重要	228618		2020-05-29T02:56:39.287185
30	塌鼻梁的女生能有多好看	165098		2020-05-29T02:56:39.287258
31	月上重火	161825		2020-05-29T02:56:39.287330
32	TT设计	159347		2020-05-29T02:56:39.287402
33	罗云熙眼神	158869		2020-05-29T02:56:39.287474
34	小朋友遇消防员出警秒变迷弟	153371		2020-05-29T02:56:39.287546
35	港澳办发言人谈人大涉港决议	139913		2020-05-29T02:56:39.287617
36	演员不露脸不能入围金球奖	138491		2020-05-29T02:56:39.287689
37	农民用烧火棍在墙头作画	134810		2020-05-29T02:56:39.287760
38	离婚冷静期	134700		2020-05-29T02:56:39.287833
39	翟天临	121424		2020-05-29T02:56:39.287905
40	警方通报云南女生被多名男生殴打	119840		2020-05-29T02:56:39.287977
41	机智的医生生活第一季大结局	117063		2020-05-29T02:56:39.288062
42	荔枝的正确打开方式	116402		2020-05-29T02:56:39.288149
43	人脸图案口罩	108408		2020-05-29T02:56:39.288231
44	LCK	108106		2020-05-29T02:56:39.288311
45	冰箱出口订单排到8月份	99752		2020-05-29T02:56:39.288391
46	LadyGaga和BLACKPINK的新歌	98172		2020-05-29T02:56:39.288471
47	有个学医朋友是什么体验	97268		2020-05-29T02:56:39.288552
48	陈伟霆盔甲造型	89935	新	2020-05-29T02:56:39.288633
49	全球六分之一年轻人因疫情失业	89614		2020-05-29T02:56:39.288733
50	拉斯维加斯赌场老板送1000张单程机票	88654		2020-05-29T02:56:39.288813
