排名	关键词	热度	特征	时间
1	伊能静黄圣依张萌 后妈茶话会	3133256	热	2020-07-10T17:47:46.689341
2	江苏句容出现1例登革热病例	2138727	新	2020-07-10T17:47:46.689479
3	向往的生活	1387074	新	2020-07-10T17:47:46.689595
4	窦骁	1359735	热	2020-07-10T17:47:46.689706
5	什刹海	1281274		2020-07-10T17:47:46.689814
6	有一抹清凉叫万茜	1208275	荐	2020-07-10T17:47:46.689901
7	宝蓝好稳	1072703	新	2020-07-10T17:47:46.690010
8	香港青年质问美国为何如此双标	990057		2020-07-10T17:47:46.690117
9	特朗普首次承诺戴口罩	970735		2020-07-10T17:47:46.690206
10	吴尊友说此次疫情应对要感谢西城大爷	970678	新	2020-07-10T17:47:46.690292
11	张雨绮组第一	970580		2020-07-10T17:47:46.690401
12	认出了好朋友的小羊	967461		2020-07-10T17:47:46.690495
13	阿朵经纪人发文	789396	热	2020-07-10T17:47:46.690593
14	科比ins转为缅怀账户	683037		2020-07-10T17:47:46.690714
15	容婳流产	588306		2020-07-10T17:47:46.690809
16	炙热的我们	586209		2020-07-10T17:47:46.690904
17	郑乃馨道歉	585586		2020-07-10T17:47:46.690999
18	近百留学生网购回国机票被骗	585330	新	2020-07-10T17:47:46.691093
19	全聚德上半年预亏至少1.39亿元	584913	新	2020-07-10T17:47:46.691214
20	奈何boss又如何	559607		2020-07-10T17:47:46.691336
21	微博管理员回应晨小晨事件	505593	新	2020-07-10T17:47:46.691431
22	高三老师签永久假条学生喊不同意	438728		2020-07-10T17:47:46.691552
23	奔跑吧	416871		2020-07-10T17:47:46.691648
24	赌王何鸿燊出殡	402299		2020-07-10T17:47:46.691741
25	中央储备冻猪肉累计投放43万吨	376506	新	2020-07-10T17:47:46.691835
26	程潇微博改名	376021		2020-07-10T17:47:46.691955
27	宁静把郑希怡脸亲黑了	374141		2020-07-10T17:47:46.692065
28	少年之名	369374		2020-07-10T17:47:46.692166
29	无印良品美国子公司申请破产保护	349027		2020-07-10T17:47:46.692261
30	妈妈变身汤姆猫迎接高考儿子	348517		2020-07-10T17:47:46.692357
31	丁程鑫跳无价之姐	346752		2020-07-10T17:47:46.692453
32	angelababy双马尾自拍	345044		2020-07-10T17:47:46.692546
33	路上遇到熟人的尴尬	339526	新	2020-07-10T17:47:46.692640
34	赵立坚称美方在揣着明白装糊涂	338306	新	2020-07-10T17:47:46.692760
35	黄明睿淘汰	337106	新	2020-07-10T17:47:46.692878
36	万茜造型	322367		2020-07-10T17:47:46.692998
37	张萌的海豚音好励志	305291		2020-07-10T17:47:46.693094
38	韩警方排除首尔市长身亡他杀嫌疑	292710		2020-07-10T17:47:46.693188
39	腾讯老干妈和解	265941		2020-07-10T17:47:46.693284
40	最强大脑	252922		2020-07-10T17:47:46.693378
41	吴昕一字马	252628		2020-07-10T17:47:46.693471
42	本科生带老婆孩子拍毕业照	250429		2020-07-10T17:47:46.693560
43	香港新增32例本地病例	249221	新	2020-07-10T17:47:46.693647
44	乘风破浪的姐姐二公	249163		2020-07-10T17:47:46.693762
45	Puff寒冰	242886		2020-07-10T17:47:46.693856
46	香港踩踏焚烧国旗男子改判入狱5周	235662		2020-07-10T17:47:46.693948
47	iG战胜ES	232780	新	2020-07-10T17:47:46.694041
48	上海法院受理王振华上诉一案	232378	新	2020-07-10T17:47:46.694159
49	医学生打游戏的优势	226780		2020-07-10T17:47:46.694278
50	日本举办可以偷的艺术展	226563		2020-07-10T17:47:46.694371
