排名	关键词	热度	特征	时间
1	金星伴月	298845	热	2020-04-26T20:47:49.529657
2	李国庆用当当公章发公告	240562		2020-04-26T20:47:49.529839
3	陪你去看绿水青山	225944	荐	2020-04-26T20:47:49.529978
4	清平乐	202091		2020-04-26T20:47:49.530141
5	鹿晗叫吴亦凡老吴	193279	热	2020-04-26T20:47:49.530270
6	周冬雨说自己是烤鸭	177465	热	2020-04-26T20:47:49.530431
7	星爵老婆怀孕	166727		2020-04-26T20:47:49.530588
8	浙大毕业生开学不到一周就毕业	163260	热	2020-04-26T20:47:49.530704
9	丈夫爱面子伪造1300万元银行存单	130852		2020-04-26T20:47:49.530849
10	约翰逊下周一恢复工作	113211		2020-04-26T20:47:49.530965
11	楼房起火89岁老太跳窗被接住	109339		2020-04-26T20:47:49.531079
12	交警扮盲人带导盲犬坐公交被赶	101437		2020-04-26T20:47:49.531192
13	当当网报警	89781	热	2020-04-26T20:47:49.531306
14	七彩芋圆鲜奶捞	82404		2020-04-26T20:47:49.531449
15	TES战胜iG	81876		2020-04-26T20:47:49.531560
16	扒手扒窃援鄂医疗队医护人员	78803		2020-04-26T20:47:49.531674
17	鹿晗薇娅直播	78780		2020-04-26T20:47:49.531786
18	全国女孩即将面临的问题	78469		2020-04-26T20:47:49.531895
19	黄明昊李佳琦直播	78383		2020-04-26T20:47:49.532006
20	当爸妈问我价格时	78223		2020-04-26T20:47:49.532116
21	李国庆 当当	78057		2020-04-26T20:47:49.532244
22	被配送员可爱到了	77893		2020-04-26T20:47:49.532357
23	怀吉送徽柔回宫	75545		2020-04-26T20:47:49.532468
24	新相亲大会	75112		2020-04-26T20:47:49.532577
25	当军人医生见到单杠	68539		2020-04-26T20:47:49.532688
26	我国拟修订人民武装警察法	67418		2020-04-26T20:47:49.532800
27	大风掀翻充气城堡数名儿童被压	65681		2020-04-26T20:47:49.532910
28	像极了没见过世面的我	65572		2020-04-26T20:47:49.533021
29	烧饼曹鹤阳晋级决赛	62505		2020-04-26T20:47:49.533130
30	华春莹发推反击美共和党甩锅中国剧本	61761		2020-04-26T20:47:49.533239
31	大兴机场2020年第三批转场	61242		2020-04-26T20:47:49.533350
32	4AM14杀	60015		2020-04-26T20:47:49.533461
33	白鸽小品	58139		2020-04-26T20:47:49.533571
34	邢台市广宗县13个村自来水现异常	54524		2020-04-26T20:47:49.533681
35	欢乐喜剧人	51463		2020-04-26T20:47:49.533794
36	武汉鹦鹉洲大桥晃动原因	51448		2020-04-26T20:47:49.533904
37	手机里一直舍不得删的大学照片	50231		2020-04-26T20:47:49.534014
38	学生上音乐课不用张嘴	46603		2020-04-26T20:47:49.534125
39	常程道歉	43657		2020-04-26T20:47:49.534236
40	李国庆回应抢当当公章	43207		2020-04-26T20:47:49.534346
41	菠萝油条虾多士	40225		2020-04-26T20:47:49.534456
42	开封卫健委回应错换人生28年事件	36905		2020-04-26T20:47:49.534566
43	武汉鹦鹉洲大桥	35539		2020-04-26T20:47:49.534675
44	中行表示暂不追缴原油宝保证金欠款	34827		2020-04-26T20:47:49.534784
45	第一次打开前置摄像头的你	33480		2020-04-26T20:47:49.534895
46	孔雪儿舞蹈	33099		2020-04-26T20:47:49.535005
47	阿水四杀	32702		2020-04-26T20:47:49.535114
48	当小朋友被老师说长胖了	32524		2020-04-26T20:47:49.535225
49	当当回应李国庆用公章发公告	31939		2020-04-26T20:47:49.535336
50	iG TES	29021		2020-04-26T20:47:49.535445
