排名	关键词	热度	特征	时间
1	何炅因欧阳娜娜演技被黑气愤	3777774	沸	2020-05-26T17:45:50.930765
2	广西援鄂护士梁小霞逝世	3113243	沸	2020-05-26T17:45:50.930909
3	宠粉博主的526告白	2948919	荐	2020-05-26T17:45:50.931034
4	何氏家族悼文	2526371	热	2020-05-26T17:45:50.931152
5	5000亿资产是什么水平	2392526	沸	2020-05-26T17:45:50.931271
6	陈芊芊人设	1677571	沸	2020-05-26T17:45:50.931388
7	心疼周放	1507855	新	2020-05-26T17:45:50.931506
8	外交部回应安倍称新冠从中国扩散	1493139		2020-05-26T17:45:50.931621
9	香港首任立法会主席就涉港议程表态	1467787	新	2020-05-26T17:45:50.931718
10	圆明园遗址公园悼念何鸿燊	1449144		2020-05-26T17:45:50.931828
11	年轻时的何鸿燊	1435638	沸	2020-05-26T17:45:50.931915
12	陈卓璇 一股子怨气上了我的头	1418338	热	2020-05-26T17:45:50.932043
13	何鸿燊去世	1376526	热	2020-05-26T17:45:50.932158
14	C919国内外订单总数达815架	1355240		2020-05-26T17:45:50.932266
15	冰雨火 剧透从官宣演员开始	1344571		2020-05-26T17:45:50.932355
16	王一博警服造型	1327216		2020-05-26T17:45:50.932448
17	陈晓眼神	1308679		2020-05-26T17:45:50.932545
18	姚明说没有体育的教育是不完整的	1024419	新	2020-05-26T17:45:50.932642
19	黑龙江一男子放羊时发现金雕	919966	新	2020-05-26T17:45:50.932761
20	陈芊芊韩烁快圆房	636478		2020-05-26T17:45:50.932878
21	丁禹兮好帅	631486	新	2020-05-26T17:45:50.932971
22	以赌王为原型的电影	531573		2020-05-26T17:45:50.933085
23	瑞幸涨幅	483687	新	2020-05-26T17:45:50.933175
24	福冈学生戴透明面罩复课	460765		2020-05-26T17:45:50.933289
25	如果你19岁到28岁保持单身	439701		2020-05-26T17:45:50.933381
26	MAMAMOO为许佳琪加油	436613		2020-05-26T17:45:50.933474
27	当我叫妈妈帮忙取快递时	425855	新	2020-05-26T17:45:50.933565
28	永远的君主穿搭	391071		2020-05-26T17:45:50.933679
29	教育部 不盲目追求来华留学生规模	383381		2020-05-26T17:45:50.933765
30	幸福触手可及预告	383230	新	2020-05-26T17:45:50.933854
31	当你美甲四个月还没掉	365179		2020-05-26T17:45:50.933967
32	LNG回应	351168	新	2020-05-26T17:45:50.934057
33	4岁萌宝看到妈妈生产疤痕强忍泪水	341253		2020-05-26T17:45:50.934171
34	俄罗斯6月24日举行红场阅兵	320589		2020-05-26T17:45:50.934261
35	祖安人卖鱼是什么体验	315823		2020-05-26T17:45:50.934352
36	方方	305225		2020-05-26T17:45:50.934438
37	可以原地出道的素人	291466		2020-05-26T17:45:50.934528
38	QQ音乐插播语音广告	247662		2020-05-26T17:45:50.934620
39	上学见过重名率最高的名字	242461		2020-05-26T17:45:50.934704
40	成都震感	242301		2020-05-26T17:45:50.934793
41	郑乃馨直播时间	242279		2020-05-26T17:45:50.934883
42	本专业令你震惊的知识点	237188	新	2020-05-26T17:45:50.934974
43	当大妈看到美颜相机的自己	193666		2020-05-26T17:45:50.935086
44	其实胖子都是潜力股	192561		2020-05-26T17:45:50.935179
45	咸蛋黄流沙锅包肉	181081		2020-05-26T17:45:50.935264
46	张艺兴新专辑封面	175842		2020-05-26T17:45:50.935346
47	苹果或在AirPods中集成健康监测功能	170536		2020-05-26T17:45:50.935432
48	薛萍下线	153217		2020-05-26T17:45:50.935521
49	鬼姬礼裙	110699		2020-05-26T17:45:50.935613
50	政协委员建议知网对国内用户免费	108137		2020-05-26T17:45:50.935697
