排名	关键词	热度	特征	时间
1	明道方承认已结婚生子	5166678	新	2020-06-10T04:43:51.243434
2	教育部要求严格国际学生申请资格	1189167	新	2020-06-10T04:43:51.243573
3	混油皮来抄作业	1188995	荐	2020-06-10T04:43:51.243689
4	向太安慰郭碧婷	1188610	热	2020-06-10T04:43:51.243801
5	明道	1180917	新	2020-06-10T04:43:51.243911
6	为什么在美国十万人不如一人	1128341		2020-06-10T04:43:51.244032
7	湖南操场埋尸案家属谈放弃民事赔偿	631197		2020-06-10T04:43:51.244124
8	弗洛伊德家人质问美国什么时候伟大过	612827		2020-06-10T04:43:51.244211
9	林湘人设	491261		2020-06-10T04:43:51.244299
10	王辰院士称新冠病毒不会倏然而去	452916		2020-06-10T04:43:51.244384
11	佐佐木希老公出轨	452653	热	2020-06-10T04:43:51.244471
12	梅里雪山日月同辉奇观	451909		2020-06-10T04:43:51.244580
13	秦岚演技	451438		2020-06-10T04:43:51.244666
14	美国务院拟重启驻武汉总领馆	433030		2020-06-10T04:43:51.244750
15	哈工大百年校庆无人机表演完整版	420092		2020-06-10T04:43:51.244834
16	王婷萱	411727	新	2020-06-10T04:43:51.244921
17	张朝阳称搜狐已经抢救过来了	397245	新	2020-06-10T04:43:51.245029
18	盲人练一年字才办成离婚	384484		2020-06-10T04:43:51.245137
19	突尼斯发现20具偷渡者遗体	373201		2020-06-10T04:43:51.245224
20	北京中小学寒假时间确定	371095	新	2020-06-10T04:43:51.245309
21	BLACKPINK回归日期	360265		2020-06-10T04:43:51.245417
22	布隆迪总统因心脏病去世	318113		2020-06-10T04:43:51.245505
23	当伞兵听到民航乘机安全须知	295653	新	2020-06-10T04:43:51.245589
24	乐山熊猫狗逛街	286539		2020-06-10T04:43:51.245695
25	暮白首定档	280360	新	2020-06-10T04:43:51.245780
26	萧敬腾猴笼抖肩神曲	275055	新	2020-06-10T04:43:51.245888
27	海航回应HU7380航班返航	253601		2020-06-10T04:43:51.245993
28	QiuQiu	228071		2020-06-10T04:43:51.246084
29	怪你过分美丽 想看不敢看	193337		2020-06-10T04:43:51.246180
30	5月猪肉价格上涨	158248	新	2020-06-10T04:43:51.246278
31	王嘉尔体重	156397		2020-06-10T04:43:51.246399
32	吴亦凡黑白湿发造型	154246	新	2020-06-10T04:43:51.246497
33	广东多地严重内涝	142095		2020-06-10T04:43:51.246616
34	被结婚女子结婚离婚记录已撤销	141103		2020-06-10T04:43:51.246712
35	弗洛伊德葬礼	140710		2020-06-10T04:43:51.246806
36	白敬亭腰围	137113		2020-06-10T04:43:51.246901
37	天黑黑听哭	126492		2020-06-10T04:43:51.246994
38	在家做饭未关窗被雷击倒	124562		2020-06-10T04:43:51.247088
39	北京16所高校首批学生已返校	120263	新	2020-06-10T04:43:51.247181
40	拜托了冰箱	114721		2020-06-10T04:43:51.247300
41	孙燕姿光脚唱逆光	111946		2020-06-10T04:43:51.247395
42	超280名投资者向4家上市公司索赔	107122	新	2020-06-10T04:43:51.247488
43	美国新冠肺炎超197万例	105388		2020-06-10T04:43:51.247607
44	拜登在弗洛伊德葬礼上致辞	105286		2020-06-10T04:43:51.247700
45	四川人对美食的最高评价	97899	新	2020-06-10T04:43:51.247794
46	当患有唐氏的哥哥看到妹妹	95648		2020-06-10T04:43:51.247911
47	退休老师刷光饭卡请学生吃食堂	87578		2020-06-10T04:43:51.248015
48	长沙暴雨	85601		2020-06-10T04:43:51.248116
49	中北大学校长称老师做法并无不妥	77660		2020-06-10T04:43:51.248210
50	海航三亚飞北京航班风挡裂纹返航	69632		2020-06-10T04:43:51.248304
