排名	关键词	热度	特征	时间
1	李荣浩求婚杨丞琳视频	3668093	沸	2020-07-11T05:45:47.678774
2	网红幼师亲吻男童事件处置情况	2180639	新	2020-07-11T05:45:47.678954
3	微博私塾易建联篮球课堂	2153302	荐	2020-07-11T05:45:47.679111
4	张含韵说孟佳是不会哭的孩子	2079389	热	2020-07-11T05:45:47.679257
5	仝卓工作室回应企查查	1827599	新	2020-07-11T05:45:47.679403
6	姐姐现场观众投票 离谱	1288989		2020-07-11T05:45:47.679546
7	香港茶餐厅为3万港警送布丁	1025914	新	2020-07-11T05:45:47.679660
8	首尔市长遗体将不进行尸检	916575		2020-07-11T05:45:47.679801
9	官方辟谣蒙牛伊利等左右国家标准	880813	沸	2020-07-11T05:45:47.679915
10	市民开2小时手电照亮跳江女孩	866270	新	2020-07-11T05:45:47.680084
11	魏大勋看黄圣依组的表情	743055	新	2020-07-11T05:45:47.680240
12	王振华猥亵儿童案二审正式立案	612522	新	2020-07-11T05:45:47.680404
13	以色列发电站蓝色水母	560716		2020-07-11T05:45:47.680566
14	小学毕业典礼老师躲角落哭	483323		2020-07-11T05:45:47.680693
15	哈萨克斯坦不明原因肺炎可能为新冠	478044		2020-07-11T05:45:47.680818
16	许光汉像是去陌生亲戚家的我	474476		2020-07-11T05:45:47.680943
17	向往的生活 嘉宾安排	473208		2020-07-11T05:45:47.681067
18	叶修	469218		2020-07-11T05:45:47.681192
19	外卖小哥喊民警骑自己的车追逃犯	465515	新	2020-07-11T05:45:47.681316
20	阿朵 女性魅力	462657	新	2020-07-11T05:45:47.681473
21	宁静 我从来没有觉得我这么完美过	448067	热	2020-07-11T05:45:47.681630
22	斗罗大陆动画	329163	新	2020-07-11T05:45:47.681787
23	14岁独臂少年凌晨4点半练球	304322		2020-07-11T05:45:47.681943
24	实拍武汉重启后的高考	298959	新	2020-07-11T05:45:47.682067
25	云南勐腊发生黄脊竹蝗灾害	259769	新	2020-07-11T05:45:47.682223
26	德普	259733	新	2020-07-11T05:45:47.682381
27	66岁的林青霞	259358		2020-07-11T05:45:47.682537
28	程潇迷雾蓝双马尾	259051		2020-07-11T05:45:47.682662
29	香港青年质问美国为何如此双标	258444		2020-07-11T05:45:47.682788
30	湖北第三大湖泊超历史最高水位	258376	新	2020-07-11T05:45:47.682912
31	时代少年团公布私生监控画面截图	254578	新	2020-07-11T05:45:47.683071
32	南方汛情	247711		2020-07-11T05:45:47.683227
33	日本将废除传统公章	179801		2020-07-11T05:45:47.683354
34	特朗普首次承诺戴口罩	159633		2020-07-11T05:45:47.683478
35	武警为白血病女孩捐献造血干细胞	158585		2020-07-11T05:45:47.683602
36	李希侃排名第一	154176		2020-07-11T05:45:47.683726
37	火箭少女穿创1初舞台服装	150384		2020-07-11T05:45:47.683851
38	美国单日新增确诊再次破纪录	145178		2020-07-11T05:45:47.683974
39	什刹海	115771		2020-07-11T05:45:47.684120
40	九江江洲召唤在外乡亲回乡抗洪	112787	新	2020-07-11T05:45:47.684244
41	陈奕迅线上演唱会	111657		2020-07-11T05:45:47.684406
42	吴昕原创rap	111650		2020-07-11T05:45:47.684497
43	吴尊友说此次疫情应对要感谢西城大爷	109410		2020-07-11T05:45:47.684584
44	钓鱼大赛	104715	新	2020-07-11T05:45:47.684671
45	路上遇到熟人的尴尬	104091		2020-07-11T05:45:47.684778
46	认出了好朋友的小羊	98693		2020-07-11T05:45:47.684863
47	妈妈变身汤姆猫迎接高考儿子	89071		2020-07-11T05:45:47.684947
48	日本棒球比赛放机器人当球迷	83075		2020-07-11T05:45:47.685031
49	奈何boss又如何	80908		2020-07-11T05:45:47.685114
50	王霏霏地板动作	80662		2020-07-11T05:45:47.685198
