排名	关键词	热度	特征	时间
1	科比宣布参加选秀24周年	2260586	新	2020-04-30T09:38:58.577152
2	600岁巨型紫藤花被全部剪掉	1427472	新	2020-04-30T09:38:58.577279
3	张艺兴抽烟	1411711	沸	2020-04-30T09:38:58.577388
4	周冬雨与泰洋川禾结束合作	1319787	热	2020-04-30T09:38:58.577494
5	极限挑战定档	1139125	沸	2020-04-30T09:38:58.577597
6	你就是爱的礼由	1058477	荐	2020-04-30T09:38:58.577699
7	日本一感染者生前检测呈阴性	1028648	新	2020-04-30T09:38:58.577805
8	宋承宪点赞刘亦菲自拍	810469	沸	2020-04-30T09:38:58.577904
9	错换人生患癌小伙称无法接受现实	709770		2020-04-30T09:38:58.578005
10	中国坚决反对有罪推定式的国际调查	638896		2020-04-30T09:38:58.578086
11	8个学位授权点抽评不合格	630591	新	2020-04-30T09:38:58.578175
12	海南大学对王小妮不当言论进行核查	629371	新	2020-04-30T09:38:58.578277
13	武汉海洋公园动物盯游客看不停	621003		2020-04-30T09:38:58.578376
14	NASA公布双黑洞共舞现象	617441		2020-04-30T09:38:58.578458
15	美军开始全面核酸检测	596732	新	2020-04-30T09:38:58.578537
16	陈德容发文	588513		2020-04-30T09:38:58.578636
17	郑恺的腰	575309	热	2020-04-30T09:38:58.578718
18	柯南	571338	新	2020-04-30T09:38:58.578817
19	纽约殡仪馆卡车数十具腐烂尸体待火化	550851	新	2020-04-30T09:38:58.578917
20	武汉大学法学博士称遭丈夫PUA	548771		2020-04-30T09:38:58.579020
21	当代爸爸的卑微日常	502375	新	2020-04-30T09:38:58.579098
22	郑爽脏辫造型	475449		2020-04-30T09:38:58.579198
23	跑男路透	428367		2020-04-30T09:38:58.579278
24	劲爽豆浆冷面	428300	新	2020-04-30T09:38:58.579357
25	Uzi	424215		2020-04-30T09:38:58.579456
26	创造营预告片	347845		2020-04-30T09:38:58.579536
27	如何正确看待艺人抽烟	329819		2020-04-30T09:38:58.579614
28	美国百万生猪安乐死	321361	新	2020-04-30T09:38:58.579694
29	猫的前世就是个永动机	313284		2020-04-30T09:38:58.579795
30	检察机关依法对张琦涉嫌受贿案提起公诉	301363		2020-04-30T09:38:58.579875
31	让蚊子体验一下人心险恶	301327		2020-04-30T09:38:58.579956
32	手机聊天记录可作法律证据	296412		2020-04-30T09:38:58.580036
33	巴西球员放风筝触电身亡	270097	新	2020-04-30T09:38:58.580114
34	小朋友撒娇能有多可爱	260406		2020-04-30T09:38:58.580237
35	5月纳税申报期限延长至5月22日	259044		2020-04-30T09:38:58.580322
36	广东拟将冻饿禁闭等界定为家暴	257098	新	2020-04-30T09:38:58.580412
37	红通人员胡亦品被缉捕并遣返	255812	新	2020-04-30T09:38:58.580521
38	单案数量最大伪造假币案告破	254636	新	2020-04-30T09:38:58.580635
39	日本喜剧演员改行送外卖	252490	新	2020-04-30T09:38:58.580747
40	来自哆啦A梦的信息	251872		2020-04-30T09:38:58.580858
41	南京限行非本市号牌电动自行车	251667	新	2020-04-30T09:38:58.580949
42	加州一监狱400多名犯人感染新冠	249074	新	2020-04-30T09:38:58.581060
43	覆盖全国的民航行李跟踪系统要来了	246506	新	2020-04-30T09:38:58.581172
44	天安门广场绚丽花坛迎五一	243798	新	2020-04-30T09:38:58.581282
45	西宁上空现七彩祥云	241181	新	2020-04-30T09:38:58.581391
46	香港教师称英国鸦片战争帮中国禁烟	225411		2020-04-30T09:38:58.581502
47	错换人生河南小伙称不会离开养父母	220943		2020-04-30T09:38:58.581591
48	武汉市一季度GDP同比降40.5%	220421	新	2020-04-30T09:38:58.581677
49	上海银保监局回复中行原油宝投资者	193444	新	2020-04-30T09:38:58.581788
50	取名字最有优势的姓氏	191279		2020-04-30T09:38:58.581898
