排名	关键词	热度	特征	时间
1	刘江去世	2509009	热	2020-05-01T10:47:47.199455
2	警察送迷路女孩回家被骗去买冰糕	1235287		2020-05-01T10:47:47.199631
3	重燃2020 一起安慕希	1230905	荐	2020-05-01T10:47:47.199755
4	成都宽窄巷子限流7500人	1229739	新	2020-05-01T10:47:47.199901
5	鲍毓明	1219522	新	2020-05-01T10:47:47.200043
6	易烊千玺暂别这就是街舞	1184971	沸	2020-05-01T10:47:47.200198
7	娜扎花仙子长裙	1127300		2020-05-01T10:47:47.200344
8	扔掉的口罩都去了哪里	1102485	新	2020-05-01T10:47:47.200457
9	湖北省一级响应降为二级	1082446	新	2020-05-01T10:47:47.200593
10	个人健康信息码国家标准	1076370	新	2020-05-01T10:47:47.200730
11	这辈子都不会买泡泡袖了	1034258		2020-05-01T10:47:47.200867
12	疫情下的香港五一假期	933547	新	2020-05-01T10:47:47.200990
13	鹿晗 没想到会和黄子韬跳女团舞	899297	热	2020-05-01T10:47:47.201149
14	俄罗斯总理新冠阳性普京长叹一口气	642105		2020-05-01T10:47:47.201306
15	邓紫棋与男友组装桌子	616315	热	2020-05-01T10:47:47.201430
16	韩国200人竞争一个兼职	562573	新	2020-05-01T10:47:47.201583
17	这届毕业生最大的遗憾	533110		2020-05-01T10:47:47.201737
18	黄景瑜亲爱的戎装剧照	501146		2020-05-01T10:47:47.201860
19	一直以为猫咪没有美丑之分	487278		2020-05-01T10:47:47.201983
20	王者荣耀崩了	474010		2020-05-01T10:47:47.202106
21	珠峰大本营的厕所长啥样	458030		2020-05-01T10:47:47.202227
22	纪宝贝13岁了	453449	热	2020-05-01T10:47:47.202348
23	睡懒觉时我的邻居在干嘛	432301	新	2020-05-01T10:47:47.202500
24	马思纯钟楚曦芭莎封面	398706		2020-05-01T10:47:47.202652
25	泰国市民用拖鞋排队领食物	369959	新	2020-05-01T10:47:47.202774
26	麦当娜	369425	新	2020-05-01T10:47:47.202926
27	赖冠霖停更日常生活照	353016		2020-05-01T10:47:47.203078
28	输液死亡女子家属与医院达成和解	343568		2020-05-01T10:47:47.203200
29	爸妈眼中最有出息的专业	328762		2020-05-01T10:47:47.203322
30	秦牛正威温柔	325370		2020-05-01T10:47:47.203443
31	杨紫青簪行路透	302762		2020-05-01T10:47:47.203566
32	4月新增本土病例超60%来自黑龙江	255431	新	2020-05-01T10:47:47.203688
33	减脂透光酱牛肉	252442	新	2020-05-01T10:47:47.203842
34	古巴驻美国大使馆遭枪击	240372		2020-05-01T10:47:47.203993
35	曾可妮马甲线	232388		2020-05-01T10:47:47.204114
36	女留学生不到一个月被骗500多万	230537		2020-05-01T10:47:47.204251
37	南宁体育中考改为广播体操	224889	新	2020-05-01T10:47:47.204378
38	泰山景区开启人从众模式	224267	新	2020-05-01T10:47:47.204532
39	故宫重开后最佳游览线路	222532	新	2020-05-01T10:47:47.204684
40	220秒超高清航拍云游中国	221109	新	2020-05-01T10:47:47.204835
41	你眼中的最美新疆	219411	新	2020-05-01T10:47:47.204985
42	大力士海格力斯拍真人电影	218066	新	2020-05-01T10:47:47.205137
43	车队队长与导盲犬主人结成互助伙伴	217847	新	2020-05-01T10:47:47.205289
44	在学校拍过的最后一张照片	215580	新	2020-05-01T10:47:47.205440
45	毕业答辩等级表	215136	新	2020-05-01T10:47:47.205591
46	被曝骚扰殴打女同事男子已劝退	212483	新	2020-05-01T10:47:47.205740
47	梁岗	212482		2020-05-01T10:47:47.205892
48	上学时很火但消失了的品牌	206274		2020-05-01T10:47:47.206013
49	木村拓哉木村光希为木村心美庆生	204682		2020-05-01T10:47:47.206134
50	以成绩胁迫女生发生关系老师被刑拘	188158		2020-05-01T10:47:47.206256
