排名	关键词	热度	特征	时间
1	何炅因欧阳娜娜演技被黑气愤	302103	沸	2020-05-26T23:43:51.692015
2	广西援鄂护士梁小霞逝世	175085	沸	2020-05-26T23:43:51.692151
3	周冬雨不怕怼脸拍	158262	荐	2020-05-26T23:43:51.692263
4	心疼周放	133026	沸	2020-05-26T23:43:51.692368
5	5000亿资产是什么水平	127581	沸	2020-05-26T23:43:51.692471
6	陈芊芊人设	117764	沸	2020-05-26T23:43:51.692573
7	圆明园遗址公园悼念何鸿燊	116821		2020-05-26T23:43:51.692676
8	香港首任立法会主席就涉港议程表态	115636		2020-05-26T23:43:51.692758
9	外交部回应安倍称新冠从中国扩散	114645		2020-05-26T23:43:51.692839
10	何氏家族悼文	112894	热	2020-05-26T23:43:51.692920
11	年轻时的何鸿燊	111247		2020-05-26T23:43:51.693021
12	陈卓璇 一股子怨气上了我的头	109849	热	2020-05-26T23:43:51.693102
13	C919国内外订单总数达815架	107905		2020-05-26T23:43:51.693210
14	政协委员建议知网对国内用户免费	107279		2020-05-26T23:43:51.693304
15	建议将偷窥偷拍等行为入刑	105499		2020-05-26T23:43:51.693395
16	俄罗斯6月24日举行红场阅兵	104550		2020-05-26T23:43:51.693486
17	黑龙江一男子放羊时发现金雕	103623		2020-05-26T23:43:51.693575
18	陈晓眼神	84759		2020-05-26T23:43:51.693663
19	丁禹兮好帅	78366		2020-05-26T23:43:51.693752
20	姚明说没有体育的教育是不完整的	76857		2020-05-26T23:43:51.693840
21	幸福触手可及预告	43787		2020-05-26T23:43:51.693929
22	陈芊芊韩烁快圆房	43675		2020-05-26T23:43:51.694018
23	炫神	42925		2020-05-26T23:43:51.694105
24	如果你19岁到28岁保持单身	40732		2020-05-26T23:43:51.694193
25	何鸿燊去世	37516		2020-05-26T23:43:51.694281
26	瑞幸涨幅	36648		2020-05-26T23:43:51.694369
27	福冈学生戴透明面罩复课	36244		2020-05-26T23:43:51.694457
28	当我叫妈妈帮忙取快递时	33324		2020-05-26T23:43:51.694548
29	永远的君主穿搭	30775		2020-05-26T23:43:51.694636
30	MAMAMOO为许佳琪加油	29068		2020-05-26T23:43:51.694724
31	本专业令你震惊的知识点	26530		2020-05-26T23:43:51.694811
32	可以原地出道的素人	26292		2020-05-26T23:43:51.694899
33	方方	24938		2020-05-26T23:43:51.694986
34	上学见过重名率最高的名字	24591		2020-05-26T23:43:51.695073
35	QQ音乐插播语音广告	21836		2020-05-26T23:43:51.695162
36	4岁萌宝看到妈妈生产疤痕强忍泪水	21260		2020-05-26T23:43:51.695252
37	LNG回应	20692		2020-05-26T23:43:51.695340
38	祖安人卖鱼是什么体验	20485		2020-05-26T23:43:51.695427
39	当你美甲四个月还没掉	19782		2020-05-26T23:43:51.695514
40	当大妈看到美颜相机的自己	18240		2020-05-26T23:43:51.695602
41	成都震感	18194		2020-05-26T23:43:51.695689
42	咸蛋黄流沙锅包肉	17433		2020-05-26T23:43:51.695777
43	张艺兴新专辑封面	16660		2020-05-26T23:43:51.695864
44	其实胖子都是潜力股	16214		2020-05-26T23:43:51.695953
45	冰雨火 剧透从官宣演员开始	15640		2020-05-26T23:43:51.696057
46	郑乃馨直播时间	14908		2020-05-26T23:43:51.696148
47	苹果或在AirPods中集成健康监测功能	14141		2020-05-26T23:43:51.696237
48	王一博警服造型	14101		2020-05-26T23:43:51.696327
49	薛萍下线	12208		2020-05-26T23:43:51.696399
50	传闻中的陈芊芊	10085		2020-05-26T23:43:51.696469
