排名	关键词	热度	特征	时间
1	王思聪要告营销号	2031165	沸	2020-05-25T01:42:53.026236
2	美国宣布对巴西实施旅行禁令	1063708	新	2020-05-25T01:42:53.026356
3	李现寸头	1027883	沸	2020-05-25T01:42:53.026457
4	张艺凡 我赢来的荣誉谁都不要碰	710229		2020-05-25T01:42:53.026553
5	美国新冠病毒感染病例超164万例	697445	新	2020-05-25T01:42:53.026629
6	雪梨直播	668009	荐	2020-05-25T01:42:53.026722
7	建议对娱乐界不良风气进行整顿	550265	新	2020-05-25T01:42:53.026815
8	山东一别墅10年无人认领	524288		2020-05-25T01:42:53.026908
9	陈卓璇好敢说	434974	沸	2020-05-25T01:42:53.026984
10	王毅最平静的语气说最硬气的话	351644		2020-05-25T01:42:53.027076
11	刘雨昕哄虞书欣	342088	沸	2020-05-25T01:42:53.027149
12	香港警方拘捕至少120名涉非法集结暴徒	327510		2020-05-25T01:42:53.027238
13	中国外交官说哪里有狼哪里就要主动应战	315720		2020-05-25T01:42:53.027311
14	创造营排名	242115		2020-05-25T01:42:53.027384
15	吃汉堡最正确的姿势	226273		2020-05-25T01:42:53.027457
16	青你最终舞台考核分组	221696		2020-05-25T01:42:53.027529
17	杨丞琳潘玮柏蔡依林同框	221442		2020-05-25T01:42:53.027603
18	大连高空项目安全绳脱落游客坠落	217656		2020-05-25T01:42:53.027674
19	女子恋爱时获赠奔驰分手被判归还	216226		2020-05-25T01:42:53.027746
20	香港	213361		2020-05-25T01:42:53.027821
21	邓伦亲岳云鹏	211584		2020-05-25T01:42:53.027906
22	怎样礼貌的拒绝换座位	208764	新	2020-05-25T01:42:53.027987
23	美国多地爆发理发抗议	207236		2020-05-25T01:42:53.028103
24	王一博学跳孔雀舞	206533	新	2020-05-25T01:42:53.028183
25	极限挑战	189524		2020-05-25T01:42:53.028284
26	张雨绮用口红给粉丝签名	184763		2020-05-25T01:42:53.028365
27	希林娜依高第一	183660		2020-05-25T01:42:53.028446
28	天天向上	179119		2020-05-25T01:42:53.028525
29	广西那坡暴雨后变水城	167173		2020-05-25T01:42:53.028606
30	捕虞达人	146256		2020-05-25T01:42:53.028686
31	张语格 除了合唱我不想要任何part	142620		2020-05-25T01:42:53.028766
32	Lisa组合作舞台	140978		2020-05-25T01:42:53.028844
33	悬崖村的初中生	133658		2020-05-25T01:42:53.028924
34	孟晚舟	122695		2020-05-25T01:42:53.029004
35	短发女生自拍颜值大赛	120499		2020-05-25T01:42:53.029084
36	中日韩争取年内签订RCEP协定	117811		2020-05-25T01:42:53.029165
37	大使用民间俗语回应美国诋毁中国	110493		2020-05-25T01:42:53.029245
38	校长钓鱼执法没收学生手机	108534		2020-05-25T01:42:53.029325
39	巩汉林回忆赵丽蓉	102434		2020-05-25T01:42:53.029405
40	蔡徐坤新单情人	102132		2020-05-25T01:42:53.029485
41	衡水中学老师自学为学生理发	97531		2020-05-25T01:42:53.029565
42	镜头下的泸沽湖	97270		2020-05-25T01:42:53.029644
43	年龄算不算一个人的隐私	93618		2020-05-25T01:42:53.029723
44	上海龙夺冠	92517		2020-05-25T01:42:53.029802
45	建议全国推行电子身份证	84563		2020-05-25T01:42:53.029882
46	聊天终止方式的演变	77091		2020-05-25T01:42:53.029961
47	社交恐惧症是怎样的体验	72786		2020-05-25T01:42:53.030041
48	珠峰身高怎么测	64935		2020-05-25T01:42:53.030121
49	劲爽冰镇可乐小龙虾	61163		2020-05-25T01:42:53.030199
50	冰爽汽水螺蛳粉	46875		2020-05-25T01:42:53.030278
