排名	关键词	热度	特征	时间
1	罗艳被当作小三	569401		2020-07-30T00:33:59.826653
2	遭家暴跳楼女子被判离婚	296484	沸	2020-07-30T00:33:59.826762
3	顾佳怎么还不离婚	295394		2020-07-30T00:33:59.826879
4	流星雨	292788	沸	2020-07-30T00:33:59.826967
5	钟晓芹钟晓阳亲吻	289670	沸	2020-07-30T00:33:59.827075
6	多家培训机构诱导消费者贷款	236961		2020-07-30T00:33:59.827182
7	许幻山改手机密码	219823		2020-07-30T00:33:59.827268
8	三十而已	170267		2020-07-30T00:33:59.827354
9	文化和旅游部副部长李金早被查	167234		2020-07-30T00:33:59.827439
10	杨笠 黑寡妇的技能是寿命长	165947		2020-07-30T00:33:59.827525
11	武汉客厅方舱医院开始拆除	164613		2020-07-30T00:33:59.827611
12	张博洋不想成为白凯南	131347		2020-07-30T00:33:59.827695
13	广东未成年人目睹家暴也是受害者	123702		2020-07-30T00:33:59.827779
14	大连8例新增确诊病例轨迹	121447		2020-07-30T00:33:59.827864
15	柯达	119428		2020-07-30T00:33:59.827949
16	神孩	114772		2020-07-30T00:33:59.828047
17	苹果新专利配件连接iPhone和iPad	111627		2020-07-30T00:33:59.828134
18	东京胡萝卜27元一公斤	107200		2020-07-30T00:33:59.828218
19	重启剧组火锅局直播	94377		2020-07-30T00:33:59.828303
20	阮次山去世	92185		2020-07-30T00:33:59.828386
21	姐妹为了我可以有多拼	91069		2020-07-30T00:33:59.828470
22	路小北求婚式挽留队友	85608		2020-07-30T00:33:59.828553
23	国家再次提高部分退役军人抚恤标准	77169		2020-07-30T00:33:59.828637
24	驻港仪仗女兵版无价之姐	76366		2020-07-30T00:33:59.828722
25	锦绣南歌	73959		2020-07-30T00:33:59.828805
26	脱口秀大会	73137		2020-07-30T00:33:59.828889
27	剑仙回归	70854		2020-07-30T00:33:59.828972
28	麦当劳将在美关店200家	70336		2020-07-30T00:33:59.829056
29	各级党委和政府要高度重视研究生教育	66464		2020-07-30T00:33:59.829140
30	墨魂	65371		2020-07-30T00:33:59.829224
31	武汉协和坠亡护士系独女	64178		2020-07-30T00:33:59.829307
32	Hello Kitty被任命为版权宣传大使	62186		2020-07-30T00:33:59.829390
33	真的有明星不想红吗	60915		2020-07-30T00:33:59.829472
34	汪文斌说美方在大选中别拿中国说事	59844		2020-07-30T00:33:59.829555
35	三星堆里挖出来的猪	59487		2020-07-30T00:33:59.829638
36	微软等50多家科技公司源代码泄露	58813		2020-07-30T00:33:59.829721
37	武汉协和医院	58594		2020-07-30T00:33:59.829804
38	王勉饭圈女孩之歌	53229		2020-07-30T00:33:59.829887
39	上海将设家政本科专业	51008		2020-07-30T00:33:59.829971
40	秦岭发现罕见雨蛙	46830		2020-07-30T00:33:59.830054
41	王一博关节万向轮挑战	46737		2020-07-30T00:33:59.830137
42	獐子岛股价翻倍	46730		2020-07-30T00:33:59.830220
43	台风	46484		2020-07-30T00:33:59.830303
44	刘亚仁朴信惠 活着	46185		2020-07-30T00:33:59.830387
45	侃爷卡戴珊车中争执	44913		2020-07-30T00:33:59.830470
46	万茜经纪人发长文	42148		2020-07-30T00:33:59.830554
47	广州天气	41779		2020-07-30T00:33:59.830638
48	唯一的好男人是许子言	40181		2020-07-30T00:33:59.830721
49	基金	39878		2020-07-30T00:33:59.830803
50	大连疫情	39030		2020-07-30T00:33:59.830886
