排名	关键词	热度	特征	时间
1	周迅 我们在一起就是啥	3915950	新	2020-05-02T10:36:58.673688
2	张家界旅游集团原董事长坠亡	3736762		2020-05-02T10:36:58.673834
3	泡在五一春光里	3710094	荐	2020-05-02T10:36:58.673938
4	虞书欣 可能我糊怕了	3689140	新	2020-05-02T10:36:58.674061
5	一亿现金有多少	1779944	沸	2020-05-02T10:36:58.674180
6	张予曦口罩妆	1119783	热	2020-05-02T10:36:58.674299
7	71岁的Vera Wang	1093579	沸	2020-05-02T10:36:58.674416
8	部分景区出现人员拥挤不戴口罩现象	873509	新	2020-05-02T10:36:58.674532
9	FoFo	670288		2020-05-02T10:36:58.674649
10	白宫拒绝福奇到国会作证	628369		2020-05-02T10:36:58.674740
11	五一气温	612076	沸	2020-05-02T10:36:58.674833
12	中国已向16国派出医疗专家组	439934	新	2020-05-02T10:36:58.674951
13	新增确诊病例为1月16日以来最低	389964	新	2020-05-02T10:36:58.675068
14	王鸥妹妹	365654	热	2020-05-02T10:36:58.675184
15	撒贝宁给朱广权当手语老师	365604		2020-05-02T10:36:58.675300
16	康辉回应康辉去哪了	365560	热	2020-05-02T10:36:58.675393
17	张一山挑战鲱鱼罐头	365509	新	2020-05-02T10:36:58.675511
18	黑人抬馆出手办	365394	新	2020-05-02T10:36:58.675628
19	和平精英	365355		2020-05-02T10:36:58.675745
20	邻居办喜事女子说吓死了	365247	热	2020-05-02T10:36:58.675836
21	你炒菜怎么这么咸	365234	新	2020-05-02T10:36:58.675954
22	重庆明星鱼莽子被吃掉	365173		2020-05-02T10:36:58.676071
23	45度让路法为受伤孕妇让出生命通道	328853		2020-05-02T10:36:58.676165
24	科比妻子纪念二女儿14岁生辰	303318		2020-05-02T10:36:58.676273
25	流川枫	301088		2020-05-02T10:36:58.676365
26	江南烟雨里的无锡太湖	279006		2020-05-02T10:36:58.676457
27	把夏天装进相机里	260375		2020-05-02T10:36:58.676550
28	西班牙无接触开门钥匙扣	257965	新	2020-05-02T10:36:58.676642
29	长得胖但好看的女生	246418		2020-05-02T10:36:58.676759
30	世卫组织强调新冠病毒来自大自然	232246		2020-05-02T10:36:58.676853
31	陈赫	226227		2020-05-02T10:36:58.676945
32	黑龙江1秒入夏后又寒潮预警	218177		2020-05-02T10:36:58.677038
33	相信未来义演定档	208567	新	2020-05-02T10:36:58.677129
34	中国乒乓球队五一练体能	203619		2020-05-02T10:36:58.677245
35	塞尔维亚国防部向中国医疗专家组授勋	200735		2020-05-02T10:36:58.677338
36	中俄界江呼玛段全线开江	199819	新	2020-05-02T10:36:58.677430
37	中国赴沙特科威特医疗专家组回国	192536	新	2020-05-02T10:36:58.677547
38	上海援鄂队员举办集体婚礼	179787	新	2020-05-02T10:36:58.677664
39	情侣吵架后的怒气值	168306		2020-05-02T10:36:58.677781
40	北京版你是什么垃圾	163521		2020-05-02T10:36:58.677874
41	广州塔摩天轮晚霞	159709		2020-05-02T10:36:58.677965
42	福建大田森林火灾	154528	新	2020-05-02T10:36:58.678055
43	葱爆牛奶冰淇淋	142609		2020-05-02T10:36:58.678172
44	限流后景区的体验感有多好	131232	新	2020-05-02T10:36:58.678265
45	王大陆的嘴又大又甜	130862		2020-05-02T10:36:58.678380
46	迷人的珠峰日晕	130358	新	2020-05-02T10:36:58.678473
47	TES JDG	130145		2020-05-02T10:36:58.678588
48	Jennie自拍	126491		2020-05-02T10:36:58.678679
49	西安回民街迎16年来最少客流	124690		2020-05-02T10:36:58.678770
50	权志龙在Jennie直播出现	99600		2020-05-02T10:36:58.678863
