排名	关键词	热度	特征	时间
1	张雨绮身材	3876342	沸	2020-08-13T09:57:35.355890
2	杜富国成为广播播音员	2571737		2020-08-13T09:57:35.356089
3	杨幂魏大勋	2361431	沸	2020-08-13T09:57:35.356216
4	张若昀 胡编别人女儿小名什么爱好	1929829	新	2020-08-13T09:57:35.356366
5	江西入室杀两人嫌犯又杀一人	1330299	沸	2020-08-13T09:57:35.356503
6	谢娜直播	1264236	荐	2020-08-13T09:57:35.356613
7	东部战区在台湾海峡实战演练	941691	新	2020-08-13T09:57:35.356720
8	浙江通报高考评卷作文组组长情况	848046	新	2020-08-13T09:57:35.356826
9	中国人民抗日战争胜利75周年	801583	新	2020-08-13T09:57:35.356934
10	脚艺人	761718		2020-08-13T09:57:35.357039
11	易烊千玺粉雾海	755986	沸	2020-08-13T09:57:35.357124
12	97岁传媒巨头雷石东去世	538834	新	2020-08-13T09:57:35.357231
13	颜怡颜悦脚本 催婚	512992		2020-08-13T09:57:35.357338
14	湖北连发69条高温预警	482037		2020-08-13T09:57:35.357424
15	刘诗诗侧脸生图	479885		2020-08-13T09:57:35.357507
16	乘风破浪的姐姐复活赛名单	473906		2020-08-13T09:57:35.357591
17	微信拍一拍可撤回	453369		2020-08-13T09:57:35.357674
18	抖音快手回应大胃王吃播	416937		2020-08-13T09:57:35.357757
19	叙利亚总统讲话时突感昏厥	352840	新	2020-08-13T09:57:35.357841
20	陈建新	349601	新	2020-08-13T09:57:35.357947
21	生活在树上	349069	新	2020-08-13T09:57:35.358051
22	黄圣依 我都想哭又不敢哭	344406	热	2020-08-13T09:57:35.358158
23	马主人回应下海救人两匹马去世	338263		2020-08-13T09:57:35.358265
24	西安方欣	324177		2020-08-13T09:57:35.358349
25	虞书欣拍的THE9	310371	热	2020-08-13T09:57:35.358432
26	吃播	301227		2020-08-13T09:57:35.358547
27	原来吃火锅还可以这样解说	268527	新	2020-08-13T09:57:35.358646
28	女心理师	266633		2020-08-13T09:57:35.358765
29	乐山大佛佛脚平台被淹	244062	新	2020-08-13T09:57:35.358860
30	刘谦的魔术课	243253	新	2020-08-13T09:57:35.358977
31	杨天真发文	242461		2020-08-13T09:57:35.359094
32	不同年级的学生去上课	241720	新	2020-08-13T09:57:35.359187
33	LPL季后赛	239506	新	2020-08-13T09:57:35.359303
34	俄罗斯副总理新冠阳性	234955		2020-08-13T09:57:35.359422
35	吴春红对262万国家赔偿决定申请复议	234370		2020-08-13T09:57:35.359515
36	江西乐安一扶贫干部遇害	230567		2020-08-13T09:57:35.359609
37	抚州公安	214610		2020-08-13T09:57:35.359696
38	李准基好帅	205350		2020-08-13T09:57:35.359781
39	小区电梯里的戒烟告示	201776		2020-08-13T09:57:35.359865
40	郑爽领带牛仔连体装	194131		2020-08-13T09:57:35.359948
41	中国与50个国家保持定期通航	142133	新	2020-08-13T09:57:35.360043
42	粉丝接唱翻车大赏	132737	新	2020-08-13T09:57:35.360151
43	学校回应主任贪污学生伙食费131万	132628	新	2020-08-13T09:57:35.360259
44	内马尔单场过人16次	131771	新	2020-08-13T09:57:35.360365
45	兵哥哥的驾驶技术有多炫酷	131164	新	2020-08-13T09:57:35.360470
46	见过最有难度的下海方式	130229	新	2020-08-13T09:57:35.360574
47	老君山云海	130117	新	2020-08-13T09:57:35.360677
48	贺子秋齐明月CP	128903		2020-08-13T09:57:35.360782
49	狗妈妈冲入洪水救小狗	128693		2020-08-13T09:57:35.360866
50	斗鱼回应部分吃播主播浪费	128243		2020-08-13T09:57:35.360948
