排名	关键词	热度	特征	时间
1	萧亚轩 我的人生有大事要发生	1215095		2020-07-29T00:39:53.497275
2	玄武湖并蒂莲被游客摘下	645067	沸	2020-07-29T00:39:53.497386
3	信仰制造	622539	荐	2020-07-29T00:39:53.497503
4	被林有有气死	567381	沸	2020-07-29T00:39:53.497615
5	张月微博评论	544266		2020-07-29T00:39:53.497733
6	成都14岁女生坠亡案嫌疑人被批捕	409615	沸	2020-07-29T00:39:53.497832
7	重启	315124	沸	2020-07-29T00:39:53.497953
8	顾佳偷看许幻山手机	308269	热	2020-07-29T00:39:53.498073
9	王毅称中国将坚定而理性地回应美国	301127		2020-07-29T00:39:53.498192
10	2020年研究生在学人数将破300万	296494		2020-07-29T00:39:53.498290
11	爱奇艺尖叫之夜取消	294561	沸	2020-07-29T00:39:53.498386
12	苦等十年回迁房回家要开8道防火门	266456		2020-07-29T00:39:53.498507
13	大连4人殴打辱骂防疫人员被拘	210146		2020-07-29T00:39:53.498603
14	顾佳第六感没谁了	182271		2020-07-29T00:39:53.498698
15	周扬青回应与罗志祥好友合影	175592	热	2020-07-29T00:39:53.498793
16	王漫妮辞职	163530	热	2020-07-29T00:39:53.498912
17	soul崩了	154934		2020-07-29T00:39:53.499030
18	上市公司给董事长涨薪16倍	152444		2020-07-29T00:39:53.499125
19	苹果蕉	140514		2020-07-29T00:39:53.499220
20	唐老鸭变生气鸭	130966		2020-07-29T00:39:53.499316
21	朝鲜首例疑似病例路径曝光	124707		2020-07-29T00:39:53.499412
22	无需回应式友情	116129		2020-07-29T00:39:53.499509
23	菲总统希望中国能优先提供新冠疫苗	109271		2020-07-29T00:39:53.499603
24	周寻被姜小果妈灌醉	105916		2020-07-29T00:39:53.499701
25	BBC出的蛋炒饭教程	104418		2020-07-29T00:39:53.499795
26	外交部 孟晚舟事件是严重政治事件	98592		2020-07-29T00:39:53.499890
27	陈飞宇李佳琦直播	97964		2020-07-29T00:39:53.499984
28	香港大学副教授戴耀廷被解雇	97767		2020-07-29T00:39:53.500095
29	索尼	95554		2020-07-29T00:39:53.500185
30	辽宁无人岛最新价格	91296		2020-07-29T00:39:53.500273
31	浦发回应被贷款1200万事件	88413		2020-07-29T00:39:53.500358
32	日方回应韩国立安倍下跪谢罪雕像	79568		2020-07-29T00:39:53.500442
33	吴邪吐血	77939		2020-07-29T00:39:53.500529
34	路小北被挖墙脚	73906		2020-07-29T00:39:53.500614
35	金星直拍版无价之姐	73444		2020-07-29T00:39:53.500708
36	三十而已细节	67529		2020-07-29T00:39:53.500805
37	吉卜力公园正式开工	66258		2020-07-29T00:39:53.500899
38	高福接种实验型新冠病毒疫苗	64659		2020-07-29T00:39:53.500994
39	微博关闭35个百万粉丝违规账号	60038		2020-07-29T00:39:53.501089
40	公交司机低头捡东西碾死行人	58801		2020-07-29T00:39:53.501183
41	CNN记者成都直播时的背景音乐	58643		2020-07-29T00:39:53.501278
42	江南百景图	58035		2020-07-29T00:39:53.501373
43	薇娅直播	57465		2020-07-29T00:39:53.501468
44	无价之姐中国风爵士扇子舞	54315		2020-07-29T00:39:53.501563
45	陈学冬否认参加中国新说唱	49484		2020-07-29T00:39:53.501658
46	上海迪士尼烟花复园后首开放	47695		2020-07-29T00:39:53.501754
47	天问一号探测器传回地月合影	44516		2020-07-29T00:39:53.501850
48	FoFo五杀	42968		2020-07-29T00:39:53.501946
49	三十而已	41936		2020-07-29T00:39:53.502040
50	黄金	41353		2020-07-29T00:39:53.502133
