排名	关键词	热度	特征	时间
1	李子柒 土豆	541818	沸	2020-06-04T00:47:46.686677
2	钟南山回应国外侮辱我们瞒报	417750		2020-06-04T00:47:46.686817
3	郭俊辰待你不薄	399031	荐	2020-06-04T00:47:46.686912
4	迪丽热巴直播做扎染	300756		2020-06-04T00:47:46.687037
5	朱一龙为杨蓉庆生	299547	沸	2020-06-04T00:47:46.687140
6	玩蹦床致截瘫女研究生身体好转	274090		2020-06-04T00:47:46.687262
7	弗洛伊德生命的最后20分钟	273443		2020-06-04T00:47:46.687359
8	乘风破浪的姐姐第三组阵容	242544		2020-06-04T00:47:46.687455
9	奉劝让中方悬崖勒马的英方悬崖勒马	235716		2020-06-04T00:47:46.687550
10	伊能静	231459		2020-06-04T00:47:46.687645
11	高三班主任把办公桌搬进教室	230271		2020-06-04T00:47:46.687741
12	172Girls	229551	热	2020-06-04T00:47:46.687838
13	心疼秦清	228805		2020-06-04T00:47:46.687958
14	教育局通报小学生校园内被撞身亡	228026		2020-06-04T00:47:46.688067
15	53岁儿子和95岁父亲合拍搞怪视频	227572		2020-06-04T00:47:46.688165
16	卡姆女友	227059		2020-06-04T00:47:46.688261
17	大连夜市一片狼藉	225601		2020-06-04T00:47:46.688356
18	杜海涛把吴昕照片放沈梦辰前面	225167	热	2020-06-04T00:47:46.688450
19	G7没中国参与很难解决全球性问题	224561		2020-06-04T00:47:46.688570
20	青你超模女团取名大赛	223515		2020-06-04T00:47:46.688666
21	老板托举出员工自己身亡	223227		2020-06-04T00:47:46.688763
22	戚薇薇娅直播	185247		2020-06-04T00:47:46.688857
23	美国数以千计抗议者趴大桥致哀	180624		2020-06-04T00:47:46.688954
24	我才不要和你做朋友呢	164691		2020-06-04T00:47:46.689049
25	夫妻结婚30多年坚持AA制	156870		2020-06-04T00:47:46.689143
26	五个一	146553		2020-06-04T00:47:46.689240
27	熊鞠	111955		2020-06-04T00:47:46.689333
28	假如你目前的职业去摆地摊	107395		2020-06-04T00:47:46.689427
29	周放壁咚宋凛	91195		2020-06-04T00:47:46.689522
30	三叉戟	83978		2020-06-04T00:47:46.689615
31	特朗普	82128		2020-06-04T00:47:46.689711
32	孙红雷 怎么没有乘风破浪的哥哥们	80010		2020-06-04T00:47:46.689804
33	幸福触手可及预告	78454		2020-06-04T00:47:46.689900
34	美国对10个贸易伙伴发起301调查	73578		2020-06-04T00:47:46.689994
35	心疼陈君何	71875		2020-06-04T00:47:46.690090
36	雪豹妈妈岩洞中哺育幼崽	69851		2020-06-04T00:47:46.690186
37	heartsignal3	67835		2020-06-04T00:47:46.690278
38	郑爽 又给自己涨了教训	65350		2020-06-04T00:47:46.690370
39	弗洛伊德	57375		2020-06-04T00:47:46.690465
40	张艺兴科技感项羽造型	56237		2020-06-04T00:47:46.690560
41	舒兰高三学生二次复课战高考	53277		2020-06-04T00:47:46.690653
42	卡姆吸毒被捕	49823		2020-06-04T00:47:46.690747
43	如果去摆地摊该做什么生意	49639		2020-06-04T00:47:46.690841
44	朴春的脸	47724		2020-06-04T00:47:46.690936
45	北京发100亿消费券	42066		2020-06-04T00:47:46.691028
46	十日游戏	41941		2020-06-04T00:47:46.691121
47	地摊经济	41012		2020-06-04T00:47:46.691215
48	地摊车	35826		2020-06-04T00:47:46.691309
49	我想对Uzi说	29875		2020-06-04T00:47:46.691402
50	Uzi退役	22459		2020-06-04T00:47:46.691495
