排名	关键词	热度	特征	时间
1	钟南山哽咽说什么都压不倒中国人	2930936	沸	2020-09-08T07:46:44.638348
2	父母起诉22岁女儿拒养2岁弟弟胜诉	1856249	新	2020-09-08T07:46:44.638518
3	YSL皮气垫	1744164	荐	2020-09-08T07:46:44.638671
4	刘璇孕肚倒立照	1441118	新	2020-09-08T07:46:44.638811
5	李湘王岳伦夫妻综艺	1431391	热	2020-09-08T07:46:44.638950
6	刘亦菲素颜	1398019	新	2020-09-08T07:46:44.639086
7	贝克汉姆夫妇曾感染新冠	1079935		2020-09-08T07:46:44.639226
8	iPhone12	977109	热	2020-09-08T07:46:44.639335
9	大连13岁行凶男孩家人始终不道歉	905413		2020-09-08T07:46:44.639469
10	陈一鸣裸辞	781683	沸	2020-09-08T07:46:44.639578
11	阿娇或需再做手术	722486	热	2020-09-08T07:46:44.639713
12	半是蜜糖半是伤预告	628082		2020-09-08T07:46:44.639854
13	抗击新冠疫情表彰大会	595821		2020-09-08T07:46:44.639975
14	第一炉香选角	542550		2020-09-08T07:46:44.640117
15	特朗普让记者摘下口罩遭拒绝	527755		2020-09-08T07:46:44.640239
16	诺兰太会拍男人了	498486		2020-09-08T07:46:44.640359
17	弟弟退伍姐姐偷买同车次票送惊喜	498084	新	2020-09-08T07:46:44.640478
18	农夫山泉创始人将成中国新首富	495798		2020-09-08T07:46:44.640626
19	三星将关闭中国唯一一座电视工厂	493883		2020-09-08T07:46:44.640743
20	陈学冬警告粉丝不要爆料	492906		2020-09-08T07:46:44.640859
21	彭于晏像拉黄包车的车夫	492111		2020-09-08T07:46:44.640976
22	特朗普公开攻击美军高层	490609	新	2020-09-08T07:46:44.641092
23	为方便学生晒被子高校操场铺防雨布	489113	新	2020-09-08T07:46:44.641238
24	王者荣耀	480713		2020-09-08T07:46:44.641383
25	插着把梳子就出门了	476118		2020-09-08T07:46:44.641499
26	熊黛林身材	441715	热	2020-09-08T07:46:44.641618
27	信小呆一元转让中国锦鲤	384044		2020-09-08T07:46:44.641765
28	再无法超越的经典角色	329695	新	2020-09-08T07:46:44.641880
29	印度	316363		2020-09-08T07:46:44.642027
30	官方回应桂花巷的桂花树被砍完	309720	新	2020-09-08T07:46:44.642142
31	14亿中国人的代表受表彰	296776		2020-09-08T07:46:44.642287
32	闺蜜拍照技术下的我	290186		2020-09-08T07:46:44.642403
33	钟南山获授共和国勋章	279513		2020-09-08T07:46:44.642518
34	天官赐福动画配音阵容	275958	新	2020-09-08T07:46:44.642633
35	男子被当农民工拦下书店致歉	273580	新	2020-09-08T07:46:44.642779
36	田馥甄新歌	262040		2020-09-08T07:46:44.642926
37	张定宇步履蹒跚走入人民大会堂	257926		2020-09-08T07:46:44.643039
38	白敬亭的自拍原图	253234		2020-09-08T07:46:44.643147
39	课间操跳得像康复训练	237565		2020-09-08T07:46:44.643253
40	张伯礼张定宇陈薇获人民英雄称号	234699		2020-09-08T07:46:44.643361
41	穿迷彩进网红书店被当农民工拦下	213101		2020-09-08T07:46:44.643466
42	怎么会有璇玑这么笨的女主	210602		2020-09-08T07:46:44.643571
43	伦纳德中指封盖	204709	新	2020-09-08T07:46:44.643676
44	谢谢你为湖北拼过命	202691		2020-09-08T07:46:44.643816
45	我们不放弃每一位病患者	199535	新	2020-09-08T07:46:44.643934
46	钟南山获勋现场发言画面	197415		2020-09-08T07:46:44.644097
47	苹果发布会时间	190674		2020-09-08T07:46:44.644216
48	成都300年桂花巷内桂花树全被砍	187605		2020-09-08T07:46:44.644335
49	当边牧遇上听力考试	163077		2020-09-08T07:46:44.644452
50	郑州一高校每天仅开720个洗澡名额	162310		2020-09-08T07:46:44.644568
