排名	关键词	热度	特征	时间
1	金钟大当爸	2265890	热	2020-04-29T10:41:55.992314
2	被虐打女童有生命危险仍昏迷	816059	新	2020-04-29T10:41:55.992418
3	吴亦凡 脉动全球代言人	814756	荐	2020-04-29T10:41:55.992510
4	于汉超道歉	804210		2020-04-29T10:41:55.992600
5	张若昀唐艺昕野餐	801493	热	2020-04-29T10:41:55.992672
6	世界上最漂亮的玛利亚	793241	新	2020-04-29T10:41:55.992756
7	宋慧乔晒伤妆	709668		2020-04-29T10:41:55.992840
8	孩子哭没哭看抱枕就知道	674513	新	2020-04-29T10:41:55.992907
9	挺秃然的熊猫	561188		2020-04-29T10:41:55.992990
10	两会召开时间	521253		2020-04-29T10:41:55.993057
11	中科院发现银河系两处恒星摇篮	504111	新	2020-04-29T10:41:55.993123
12	郭涛	491538		2020-04-29T10:41:55.993204
13	李子柒海外粉丝破千万	473204		2020-04-29T10:41:55.993272
14	网红百香果鸡爪	414872		2020-04-29T10:41:55.993337
15	黑龙江被虐打女童父亲被刑拘	413005		2020-04-29T10:41:55.993402
16	奥斯维辛集中营幸存者感染新冠去世	406244	新	2020-04-29T10:41:55.993466
17	罗志祥 请不要再攻击我妈妈了	397012	新	2020-04-29T10:41:55.993548
18	华谊兄弟股价涨停	387049	新	2020-04-29T10:41:55.993631
19	秋蝉定档	377824	新	2020-04-29T10:41:55.993712
20	当追星女孩房子塌了时	372952		2020-04-29T10:41:55.993793
21	建议游戏充值前人脸识别比对	367073	新	2020-04-29T10:41:55.993857
22	周扬青 没有这样的闺蜜	366349	热	2020-04-29T10:41:55.993938
23	张文宏谈五一假期出游	344696		2020-04-29T10:41:55.994017
24	我本人的真实状态	333451	新	2020-04-29T10:41:55.994080
25	这狗粮有点费牙	304627		2020-04-29T10:41:55.994161
26	职校体育老师以成绩胁迫发生性关系	286691	新	2020-04-29T10:41:55.994225
27	杨迪模仿柯镇恶	276532		2020-04-29T10:41:55.994306
28	公交公司已向导盲犬主人道歉	249833		2020-04-29T10:41:55.994373
29	开学后你宿舍的床	217944		2020-04-29T10:41:55.994438
30	唐一军任司法部部长	216090		2020-04-29T10:41:55.994502
31	猫咪因违反外出禁令被逮捕	215186		2020-04-29T10:41:55.994565
32	何炅易烊千玺合唱后来	213014		2020-04-29T10:41:55.994630
33	杨幂情商	209736		2020-04-29T10:41:55.994693
34	因为矮受过什么委屈	205714	新	2020-04-29T10:41:55.994757
35	福建23个扶贫开发工作重点县全摘帽	203515	新	2020-04-29T10:41:55.994838
36	西安小学1至3年级5月11日开学	202573	新	2020-04-29T10:41:55.994919
37	工地版梁祝	201595		2020-04-29T10:41:55.995000
38	蜜桃福袋冰皮蛋糕	199302		2020-04-29T10:41:55.995064
39	小行星52768将飞掠地球	183737		2020-04-29T10:41:55.995128
40	医疗队初到武汉时见到的情形	175121	新	2020-04-29T10:41:55.995192
41	福奇称几乎确定新冠病毒会卷土重来	164405		2020-04-29T10:41:55.995271
42	脸红的思春期边伯贤合作	155812		2020-04-29T10:41:55.995336
43	陈坤高级灰封面	155810	新	2020-04-29T10:41:55.995399
44	张文宏称戴口罩分餐将成新常态	154501	新	2020-04-29T10:41:55.995479
45	班长口中最后两个引体向上	153834	新	2020-04-29T10:41:55.995559
46	不带穷字但一听就很穷的话	153095	新	2020-04-29T10:41:55.995638
47	墨香铜臭	153094		2020-04-29T10:41:55.995718
48	德国医生全裸出镜抗议医疗物资短缺	144071		2020-04-29T10:41:55.995783
49	卫健委提醒继续加强航空和陆路口岸防控	142959	新	2020-04-29T10:41:55.995847
50	曹曦文戏份	121224		2020-04-29T10:41:55.995927
