排名	关键词	热度	特征	时间
1	三十而已编剧回应大结局争议	5469766	新	2020-08-04T06:37:55.963630
2	峨眉山山林两具遗骸系自缢身亡	1451159		2020-08-04T06:37:55.963752
3	香菜味酸奶	1448119	荐	2020-08-04T06:37:55.963839
4	言承旭身材	1444953		2020-08-04T06:37:55.963941
5	李白的钱哪来的	1440243	沸	2020-08-04T06:37:55.964033
6	李斯丹妮王智 复古disco	1406666		2020-08-04T06:37:55.964138
7	人大教授评满分作文生活在树上	1132070	新	2020-08-04T06:37:55.964217
8	时速350公里高铁列车将从海底驶过	1100215	新	2020-08-04T06:37:55.964314
9	刘永坦捐出最高科技奖800万奖金	1060838		2020-08-04T06:37:55.964412
10	罗霈颖去世	993753	沸	2020-08-04T06:37:55.964490
11	潘玮柏	910481	热	2020-08-04T06:37:55.964587
12	阿古朵	860291		2020-08-04T06:37:55.964688
13	男子拒戴口罩捶公交司机16拳获刑	707711	新	2020-08-04T06:37:55.964764
14	湖人锁定西部第一	697603	新	2020-08-04T06:37:55.964859
15	世卫警告新冠可能永远没有特效药	646178		2020-08-04T06:37:55.964954
16	张月演技	617931	热	2020-08-04T06:37:55.965031
17	遭男老师性侵男学生发声	598794	新	2020-08-04T06:37:55.965126
18	华为最高档天才少年年薪201万	566700	新	2020-08-04T06:37:55.965222
19	白天开饭店晚上挖地道盗文物	516866	新	2020-08-04T06:37:55.965325
20	重庆的地铁站能有多深	515522		2020-08-04T06:37:55.965434
21	TVB高层没想过放弃黄心颖	509994		2020-08-04T06:37:55.965520
22	黑人之死执法记录仪画面	485722		2020-08-04T06:37:55.965607
23	林有有 许幻山	468076		2020-08-04T06:37:55.965691
24	大连封闭80个居民小区	467911	新	2020-08-04T06:37:55.965775
25	股票	381816		2020-08-04T06:37:55.965880
26	关晓彤探班鹿晗	377291	新	2020-08-04T06:37:55.965961
27	大爷用蔬菜制作出动物世界	361136	新	2020-08-04T06:37:55.966057
28	台风黑格比	350144	新	2020-08-04T06:37:55.966154
29	外交部回应美制裁新疆生产建设兵团	342692		2020-08-04T06:37:55.966249
30	660多种外来物种入侵中国	337690		2020-08-04T06:37:55.966325
31	井柏然易烊千玺相视一笑	325409		2020-08-04T06:37:55.966401
32	王俊凯白色西装生图	321680	新	2020-08-04T06:37:55.966479
33	杨紫杨洋七夕大片	306103		2020-08-04T06:37:55.966574
34	香港特区暂停港新移交逃犯协定	293404		2020-08-04T06:37:55.966651
35	世卫称三个月全球新冠病例增五倍	279358		2020-08-04T06:37:55.966726
36	小伙用百变画笔练就隐身术	253653		2020-08-04T06:37:55.966803
37	苹果回应小i机器人索赔100亿元	248950	新	2020-08-04T06:37:55.966879
38	祁连山非法采煤获利百亿	248518	新	2020-08-04T06:37:55.966976
39	闪耀暖暖	233712		2020-08-04T06:37:55.967076
40	挪威一游轮发生新冠聚集性感染	232213		2020-08-04T06:37:55.967161
41	安徒生逝世145周年	219553		2020-08-04T06:37:55.967245
42	姜思达红毯造型	214997		2020-08-04T06:37:55.967329
43	二十不惑	190891		2020-08-04T06:37:55.967412
44	民间大神打脸现场	190782	新	2020-08-04T06:37:55.967495
45	北京现绝美橘色朝霞	190754		2020-08-04T06:37:55.967599
46	网易云回应网抑云	158219		2020-08-04T06:37:55.967684
47	巧妙地接住了所有水	156970		2020-08-04T06:37:55.967768
48	我好喜欢你	147381		2020-08-04T06:37:55.967851
49	31省份养老金已全部上涨	144975		2020-08-04T06:37:55.967935
50	小女孩积水中弯腰捡垃圾	144437		2020-08-04T06:37:55.968028
