排名	关键词	热度	特征	时间
1	杨幂唱mojito	3662049	新	2020-07-06T16:47:46.881408
2	试用期必须为员工缴纳社保	1933467	新	2020-07-06T16:47:46.881592
3	陈锡向月娘求婚	1870213	新	2020-07-06T16:47:46.881745
4	小红书崩了	1847099	新	2020-07-06T16:47:46.881893
5	大熊猫双胞胎顺顺溜溜病亡	1575915	新	2020-07-06T16:47:46.882035
6	张沫凡公益直播	1504110		2020-07-06T16:47:46.882178
7	鹿晗孙如云合照	1328310		2020-07-06T16:47:46.882291
8	仝卓喊话郑云龙	946720	沸	2020-07-06T16:47:46.882402
9	外交部提醒中国公民近期谨慎前往加拿大	896308		2020-07-06T16:47:46.882542
10	环卫工被顶替教师岗26年调查结果	859060	新	2020-07-06T16:47:46.882655
11	郑云龙方回应仝卓喊话	856249	沸	2020-07-06T16:47:46.882798
12	河神2	839208		2020-07-06T16:47:46.882940
13	官方回应男子称22年前就业审批表遭篡改	637944	新	2020-07-06T16:47:46.883052
14	鸡蛋价格半年降近3成	599279		2020-07-06T16:47:46.883193
15	新冠病毒在亚洲出现前已在其他地方出现	590336	热	2020-07-06T16:47:46.883306
16	黄子韬关注徐艺洋	580382		2020-07-06T16:47:46.883446
17	货车门没关好致千余箱茅台掉落	560158		2020-07-06T16:47:46.883558
18	高考前一晚怎么度过的	553333	新	2020-07-06T16:47:46.883670
19	A股牛市真来了吗	499947		2020-07-06T16:47:46.883810
20	中国十大美好生活城市	484025	新	2020-07-06T16:47:46.883923
21	张雨绮帮李斯丹妮拒绝蓝盈莹	455797	热	2020-07-06T16:47:46.884090
22	港独分子周庭认罪	454338		2020-07-06T16:47:46.884254
23	一寸相思大结局	425871		2020-07-06T16:47:46.884382
24	湖南省5所高校升一本	418943	新	2020-07-06T16:47:46.884507
25	淮安发生重大暴力袭警案	368945		2020-07-06T16:47:46.884663
26	女明星的大胆发言	367652		2020-07-06T16:47:46.884787
27	小娘惹	356374	新	2020-07-06T16:47:46.884910
28	驻韩美军大闹釜山	339500	新	2020-07-06T16:47:46.885064
29	四川32名学子保送清华北大	312479		2020-07-06T16:47:46.885221
30	范冰冰吧 晚晚	311611	新	2020-07-06T16:47:46.885345
31	阿朵 这是你的功课	308120		2020-07-06T16:47:46.885498
32	减震堪比劳斯莱斯的小鸟	305295		2020-07-06T16:47:46.885621
33	厦门六中唱我相信为高考加油	295861	新	2020-07-06T16:47:46.885743
34	香港国安法第43条实施细则刊宪	261921	新	2020-07-06T16:47:46.885900
35	当电视画面投影在玻璃上	260894	新	2020-07-06T16:47:46.886054
36	jennie划水	251187		2020-07-06T16:47:46.886210
37	痕迹大结局	249736		2020-07-06T16:47:46.886333
38	打工小伙在工地自学4年古筝	248813		2020-07-06T16:47:46.886457
39	如花扮演者李健仁中风	221216		2020-07-06T16:47:46.886579
40	世冠定妆照	216442		2020-07-06T16:47:46.886703
41	嘴强王者秒变青铜	213091	新	2020-07-06T16:47:46.886827
42	Irene涩琪新歌	209285		2020-07-06T16:47:46.886982
43	莫向晚创业	184527	新	2020-07-06T16:47:46.887106
44	湖北提升暴雨应急响应为二级	176827	新	2020-07-06T16:47:46.887263
45	A到爆高考冲刺版无价之姐	175866	新	2020-07-06T16:47:46.887418
46	周深郎朗cos家有儿女	175859		2020-07-06T16:47:46.887572
47	JDG战胜EDG	175758	新	2020-07-06T16:47:46.887695
48	郑州街头愤怒的小鸟	175665		2020-07-06T16:47:46.887849
49	彩虹奶茶冰粥	175620		2020-07-06T16:47:46.887971
50	中印就缓和两国边界事态达成积极共识	174967		2020-07-06T16:47:46.888118
