排名	关键词	热度	特征	时间
1	徐明朝给Yamy的一封信	5864592	新	2020-07-21T14:58:34.771683
2	北京允许举办500人以下体育赛事活动	2452820	新	2020-07-21T14:58:34.771818
3	康康我家乡	2363772	荐	2020-07-21T14:58:34.771936
4	曾毅微博评论	2174542	热	2020-07-21T14:58:34.772062
5	金晨 我没有拿恋情炒作	1145349	热	2020-07-21T14:58:34.772176
6	浙大通报努某某留校察看事件	949308		2020-07-21T14:58:34.772286
7	三十而已	874515		2020-07-21T14:58:34.772372
8	法国表态不会禁止华为在法投资5G	701939		2020-07-21T14:58:34.772457
9	三十而已台词	668000	新	2020-07-21T14:58:34.772543
10	吴尊友称未来出现疫情是一种常态	596117		2020-07-21T14:58:34.772651
11	沙宝亮救人	590172	热	2020-07-21T14:58:34.772739
12	1小时开4张罚单民警被停职	572843	热	2020-07-21T14:58:34.772847
13	乌鲁木齐市动员居民非必要不离乌	570530	新	2020-07-21T14:58:34.772955
14	职场PUA	538739		2020-07-21T14:58:34.773063
15	毕业生可将户口档案在学校保留两年	533506		2020-07-21T14:58:34.773149
16	海底捞就塑料乌鸡卷事件道歉	510400		2020-07-21T14:58:34.773234
17	Yamy头像	484494	热	2020-07-21T14:58:34.773319
18	广东高考7月23日放榜	476897	新	2020-07-21T14:58:34.773429
19	王漫妮我拥有的只是个饮水泵	421043		2020-07-21T14:58:34.773537
20	吐司盒螺蛳粉	397050		2020-07-21T14:58:34.773623
21	张嘉倪为Yamy发声	389356		2020-07-21T14:58:34.773710
22	班主任代替学生离异父母出席活动	359036		2020-07-21T14:58:34.773795
23	全国十大最堵三甲医院	340934		2020-07-21T14:58:34.773882
24	意大利警方截获咖啡豆藏毒包裹	301092	新	2020-07-21T14:58:34.773966
25	日本72岁孤独啃老族爷爷	295488		2020-07-21T14:58:34.774074
26	吴镇宇直播	293760	新	2020-07-21T14:58:34.774158
27	秦昊东升旅行社导游	288738		2020-07-21T14:58:34.774266
28	出门遛狗忘记带狗了	281925		2020-07-21T14:58:34.774352
29	外交部回应英暂停与中国香港引渡条约	270215	新	2020-07-21T14:58:34.774436
30	令人极度舒适的人设	266970		2020-07-21T14:58:34.774542
31	王婷	263838		2020-07-21T14:58:34.774626
32	横滨流星感染新冠	242181		2020-07-21T14:58:34.774711
33	美军在建新航母也着火了	215085		2020-07-21T14:58:34.774795
34	外交部回应在永兴岛部署战斗机	215012		2020-07-21T14:58:34.774880
35	阴阳师	215001		2020-07-21T14:58:34.774973
36	杭州公安悬赏通缉8名命案在逃人员	206076		2020-07-21T14:58:34.775071
37	数十名外卖小哥11秒抬车救人	183346		2020-07-21T14:58:34.775168
38	硕士爸爸带1岁宝宝参加毕业典礼	178437		2020-07-21T14:58:34.775264
39	基金	173205		2020-07-21T14:58:34.775359
40	金沙咸蛋黄吮指酥	171297		2020-07-21T14:58:34.775454
41	大女儿怀疑失踪女子被人绑架	163767		2020-07-21T14:58:34.775548
42	孟佳对王漫妮有共鸣	151228		2020-07-21T14:58:34.775644
43	抗洪一线的移动餐车	144329	新	2020-07-21T14:58:34.775739
44	印度渔民发现金色乌龟	142537		2020-07-21T14:58:34.775860
45	香港新增确诊病例61例	137581		2020-07-21T14:58:34.775956
46	FPX战胜OMG	136735	新	2020-07-21T14:58:34.776063
47	普通人的生存模版	136566	新	2020-07-21T14:58:34.776185
48	新发地疫情已全部终止	136477		2020-07-21T14:58:34.776305
49	本世纪以来最长的梅雨季	135192		2020-07-21T14:58:34.776402
50	二季度100个短缺职业排行	134210		2020-07-21T14:58:34.776497
