排名	关键词	热度	特征	时间
1	三十而已编剧回应大结局争议	3222312	沸	2020-08-04T08:33:59.489151
2	遭男老师性侵男学生发声	2950832		2020-08-04T08:33:59.489291
3	王一博0805生日美好	2763148	荐	2020-08-04T08:33:59.489385
4	关晓彤探班鹿晗	2682711	热	2020-08-04T08:33:59.489496
5	路人看到王俊凯的表情	1611023	新	2020-08-04T08:33:59.489607
6	华为最高档天才少年年薪201万	903684		2020-08-04T08:33:59.489716
7	舒淇出演林俊杰MV	742245	新	2020-08-04T08:33:59.489805
8	主播账号分级分类管理	671414	新	2020-08-04T08:33:59.489922
9	时速350公里高铁列车将从海底驶过	643703		2020-08-04T08:33:59.490044
10	李白的钱哪来的	640089	沸	2020-08-04T08:33:59.490142
11	潘玮柏	594700	沸	2020-08-04T08:33:59.490261
12	峨眉山山林两具遗骸系自缢身亡	543678		2020-08-04T08:33:59.490382
13	阿古朵	442896		2020-08-04T08:33:59.490477
14	仙桃一化工厂闪爆致6死4伤	430681	新	2020-08-04T08:33:59.490571
15	台风黑格比	430535		2020-08-04T08:33:59.490690
16	人大教授评满分作文生活在树上	429084		2020-08-04T08:33:59.490785
17	iPhone12或分两批上市	428073	新	2020-08-04T08:33:59.490881
18	Zoom将停止向中国提供直接服务	427007	新	2020-08-04T08:33:59.491000
19	章子怡VOGUE金九封面	425667	新	2020-08-04T08:33:59.491119
20	游客扎堆U型公路中央拍照	424409	新	2020-08-04T08:33:59.491239
21	言承旭身材	419604		2020-08-04T08:33:59.491358
22	白天开饭店晚上挖地道盗文物	348405		2020-08-04T08:33:59.491454
23	黑人之死执法记录仪画面	302287		2020-08-04T08:33:59.491549
24	浙江乐清城区多处内涝	264243	新	2020-08-04T08:33:59.491644
25	林有有 许幻山	260450		2020-08-04T08:33:59.491764
26	李斯丹妮王智 复古disco	256022		2020-08-04T08:33:59.491859
27	罗霈颖去世	253144		2020-08-04T08:33:59.491954
28	重庆的地铁站能有多深	249111		2020-08-04T08:33:59.492061
29	刘永坦捐出最高科技奖800万奖金	237676		2020-08-04T08:33:59.492159
30	男子拒戴口罩捶公交司机16拳获刑	233644		2020-08-04T08:33:59.492254
31	张月演技	233603		2020-08-04T08:33:59.492348
32	王俊凯白色西装生图	231348		2020-08-04T08:33:59.492442
33	浓眉42分	228927		2020-08-04T08:33:59.492538
34	外交部回应美制裁新疆生产建设兵团	206979		2020-08-04T08:33:59.492634
35	大连封闭80个居民小区	203234		2020-08-04T08:33:59.492729
36	TVB高层没想过放弃黄心颖	198141		2020-08-04T08:33:59.492823
37	杨紫杨洋七夕大片	188534		2020-08-04T08:33:59.492919
38	祁连山非法采煤获利百亿	186893		2020-08-04T08:33:59.493015
39	民间大神打脸现场	180492		2020-08-04T08:33:59.493108
40	世卫警告新冠可能永远没有特效药	168709		2020-08-04T08:33:59.493201
41	660多种外来物种入侵中国	168655		2020-08-04T08:33:59.493297
42	股票	163294		2020-08-04T08:33:59.493393
43	苹果回应小i机器人索赔100亿元	150435		2020-08-04T08:33:59.493489
44	大爷用蔬菜制作出动物世界	144224		2020-08-04T08:33:59.493583
45	小伙用百变画笔练就隐身术	130868		2020-08-04T08:33:59.493677
46	天津中考成绩	130255	新	2020-08-04T08:33:59.493772
47	闪耀暖暖	130211		2020-08-04T08:33:59.493891
48	湖人锁定西部第一	120770		2020-08-04T08:33:59.493985
49	巧妙地接住了所有水	115365		2020-08-04T08:33:59.494080
50	北京现绝美橘色朝霞	114596		2020-08-04T08:33:59.494175
