排名	关键词	热度	特征	时间
1	王思聪	325592	沸	2020-07-17T23:41:52.105813
2	华春莹回应所谓中国想窃取美国疫苗	248877		2020-07-17T23:41:52.105993
3	金晨 放肆热爱	195250	荐	2020-07-17T23:41:52.106119
4	向往的生活	176407		2020-07-17T23:41:52.106265
5	李麒麟回应王思聪	175196		2020-07-17T23:41:52.106383
6	认真的嘎嘎们沙雕图鉴	144769		2020-07-17T23:41:52.106498
7	赵露思生图	139815		2020-07-17T23:41:52.106613
8	南京暴雨	117850		2020-07-17T23:41:52.106727
9	恩施拉响防空警报	111361		2020-07-17T23:41:52.106843
10	梁爽知错	89581		2020-07-17T23:41:52.106954
11	杀害女儿9岁同学男子被执行死刑	83055	沸	2020-07-17T23:41:52.107065
12	姜贞羽薄荷绿绑带裙	78580		2020-07-17T23:41:52.107212
13	湖北恩施城区大面积被淹	72431		2020-07-17T23:41:52.107328
14	高考查成绩的那天	67846		2020-07-17T23:41:52.107442
15	奔跑吧	60764		2020-07-17T23:41:52.107557
16	官方回应数百辆共享单车被丢垃圾场	60399		2020-07-17T23:41:52.107669
17	LPL处罚Chris和Xx	59750		2020-07-17T23:41:52.107783
18	大连隆胸死亡女子丈夫回应鉴定结果	59079		2020-07-17T23:41:52.107896
19	江疏影20岁军训旧照	58578		2020-07-17T23:41:52.108025
20	印度8年建成大桥1个月被冲垮	57126		2020-07-17T23:41:52.108148
21	名牌大学生多次偷外卖被刑拘	56647		2020-07-17T23:41:52.108263
22	个人消费贷授信不超过20万	55018		2020-07-17T23:41:52.108377
23	孟佳选人环节	54212		2020-07-17T23:41:52.108492
24	世界上最小的河马	53370		2020-07-17T23:41:52.108605
25	男子苦练萝莉音网恋半年骗50万	53005		2020-07-17T23:41:52.108718
26	唐嫣青花瓷长裙	52473		2020-07-17T23:41:52.108832
27	周深唱烟花易冷	52086		2020-07-17T23:41:52.108955
28	官方回应居民救人遭社区书记抢功	49956		2020-07-17T23:41:52.109085
29	爷孙3人坠河两孙溺亡	47014		2020-07-17T23:41:52.109213
30	中组部划拨1.2亿元党费用于防汛救灾	46805		2020-07-17T23:41:52.109342
31	杜华哭了	46802		2020-07-17T23:41:52.109471
32	LNG处罚Xx	46772		2020-07-17T23:41:52.109599
33	网传北京某小区出现确诊病例不实	42679		2020-07-17T23:41:52.109727
34	少年之名	42411		2020-07-17T23:41:52.109855
35	外交部新任发言人汪文斌	40207		2020-07-17T23:41:52.109981
36	蓝盈莹说自己是硬邦邦的人	39307		2020-07-17T23:41:52.110107
37	新疆全面摸排核酸检测呈阳性者	38086		2020-07-17T23:41:52.110234
38	张雨绮 我没有顺拐	37867		2020-07-17T23:41:52.110359
39	小学生用第一份工资请父母吃饭	37507		2020-07-17T23:41:52.110486
40	猫神大乔抢龙	36727		2020-07-17T23:41:52.110611
41	伊能静教金莎和男生聊天	36201		2020-07-17T23:41:52.110735
42	钟文泽	34765		2020-07-17T23:41:52.110863
43	东京奥运会比赛日程和场地已敲定	34658		2020-07-17T23:41:52.110988
44	丁禹兮眼镜杀	34400		2020-07-17T23:41:52.111115
45	最强大脑	33447		2020-07-17T23:41:52.111239
46	炙热的我们	32679		2020-07-17T23:41:52.111363
47	乘风破浪的姐姐	31843		2020-07-17T23:41:52.111490
48	暮白首	31707		2020-07-17T23:41:52.111616
49	大连女子隆胸去世医方承担完全责任	31671		2020-07-17T23:41:52.111742
50	恩施暴雨	30534		2020-07-17T23:41:52.111869
