排名	关键词	热度	特征	时间
1	秦牛正威读恶评	3082351	新	2020-05-09T16:55:40.211180
2	中国银行被罚270万	3062897	热	2020-05-09T16:55:40.211310
3	刘雨昕断层第一	2821006	沸	2020-05-09T16:55:40.211424
4	王一博斥私生	2652748	新	2020-05-09T16:55:40.211537
5	张艺凡芭蕾版Bang Bang	1919024	新	2020-05-09T16:55:40.211648
6	宋祖儿画的泡沫	1432942		2020-05-09T16:55:40.211755
7	多家快递宣布上调快递费	1407358	新	2020-05-09T16:55:40.211841
8	华春莹发推称中国不会成为伊拉克	1176547		2020-05-09T16:55:40.211947
9	马云称年轻人怕压力就白活了	1094779	沸	2020-05-09T16:55:40.212032
10	全球疫苗玻璃瓶不够用了	829277	新	2020-05-09T16:55:40.212138
11	央视揭中国如何救治新冠肺炎晚期患者	748556	新	2020-05-09T16:55:40.212259
12	肖战竹石	742883		2020-05-09T16:55:40.212367
13	刘梦跳姐姐恋爱吧	722857		2020-05-09T16:55:40.212453
14	少年闰土里的猹首次被红外相机记录	715867	新	2020-05-09T16:55:40.212542
15	导演罗文去世	707739	热	2020-05-09T16:55:40.212647
16	宋仁宗曹皇后解开心结	683820		2020-05-09T16:55:40.212751
17	鹿晗 你们都是魔鬼吗	679834		2020-05-09T16:55:40.212836
18	快乐大本营	679650		2020-05-09T16:55:40.212919
19	张沫凡直播	672671	新	2020-05-09T16:55:40.213004
20	韫色过浓	604399		2020-05-09T16:55:40.213107
21	女子被骗24万借豪车骗回钱财	460281		2020-05-09T16:55:40.213189
22	谢可寅弹舌rap太拽了	448967	新	2020-05-09T16:55:40.213272
23	孙珍妮唱冰雪奇缘好甜	385508	新	2020-05-09T16:55:40.213378
24	美国吹哨病毒学家被解职后首次采访	368703		2020-05-09T16:55:40.213483
25	丰巢将向杭州小区业委会追索损失	350177		2020-05-09T16:55:40.213565
26	偷看电视时妈妈回来了	345213	新	2020-05-09T16:55:40.213650
27	王嘉尔体重	342757		2020-05-09T16:55:40.213756
28	易烊千玺弹唱南屏晚钟	341584	新	2020-05-09T16:55:40.213841
29	4AM亚军	336668	新	2020-05-09T16:55:40.213945
30	十九届中央第五轮巡视	334658		2020-05-09T16:55:40.214049
31	成都彩虹	332419		2020-05-09T16:55:40.214132
32	朱主爱 老公公老婆婆	307927	新	2020-05-09T16:55:40.214215
33	吴亦凡时间海	307539	新	2020-05-09T16:55:40.214321
34	当你的猫得罪了一只记仇的鸟	281591		2020-05-09T16:55:40.214426
35	美国副总统彭斯助手确诊新冠肺炎	280739		2020-05-09T16:55:40.214509
36	佛罗里达州删1月新冠症状患者关键记录	280167	新	2020-05-09T16:55:40.214593
37	汪苏泷太好笑了	278543	新	2020-05-09T16:55:40.214697
38	张韶涵唐汉霄眼色	270548	新	2020-05-09T16:55:40.214802
39	智能快递柜二次收费涉嫌违法	249920		2020-05-09T16:55:40.214905
40	泳衣婚纱	244493		2020-05-09T16:55:40.214988
41	600只羊驼集体脱毛衣	224217		2020-05-09T16:55:40.215073
42	相信未来	223967		2020-05-09T16:55:40.215155
43	冰雪脆皮蛋挞	220157	新	2020-05-09T16:55:40.215238
44	eStar输了	214285	新	2020-05-09T16:55:40.215342
45	青春有你	210976		2020-05-09T16:55:40.215445
46	江苏句容百万株欧月同时盛开	209779	新	2020-05-09T16:55:40.215529
47	朱正廷心疼训练生	204289	新	2020-05-09T16:55:40.215634
48	创造营	202713		2020-05-09T16:55:40.215739
49	剧里最出名的妈妈角色	200878		2020-05-09T16:55:40.215822
50	肯尼亚新冠病毒发型	199345		2020-05-09T16:55:40.215908
