排名	关键词	热度	特征	时间
1	姜贞羽小号发文	3512659	新	2020-09-03T03:47:44.303691
2	国庆中秋连休8天	1922771	热	2020-09-03T03:47:44.303774
3	这届中秋月饼太拼了	1886514	荐	2020-09-03T03:47:44.303843
4	巨石强森确诊新冠	1872414	新	2020-09-03T03:47:44.303908
5	网络贩婴	1019924	新	2020-09-03T03:47:44.303975
6	肯德基疯狂三四五	1018195	荐	2020-09-03T03:47:44.304057
7	官方回应副校长吃光学生剩饭	1010819	新	2020-09-03T03:47:44.304122
8	张玉环儿子称永远团圆不了	881128	新	2020-09-03T03:47:44.304186
9	抗日战争胜利75周年	569480	新	2020-09-03T03:47:44.304249
10	内马尔感染新冠	512243	沸	2020-09-03T03:47:44.304311
11	阿凡达重映定档	493618		2020-09-03T03:47:44.304373
12	前台湾偶像歌手在成都当牙医	484389	沸	2020-09-03T03:47:44.304424
13	王建国 我是天生的废物	326958		2020-09-03T03:47:44.304489
14	火箭雷霆抢七	301135	新	2020-09-03T03:47:44.304540
15	美国新冠肺炎确诊超610万	298098		2020-09-03T03:47:44.304605
16	唐灿好可爱	287452		2020-09-03T03:47:44.304661
17	以家人之名	266524		2020-09-03T03:47:44.304717
18	教师资格证	265937		2020-09-03T03:47:44.304771
19	15.6寸的电脑到底有多重	263966		2020-09-03T03:47:44.304826
20	家长回应男孩泳池排便被索赔1万5	262407		2020-09-03T03:47:44.304881
21	俄罗斯男子将女友扔垃圾桶	261553	新	2020-09-03T03:47:44.304935
22	Angelababy发文告别摩天大楼	259698		2020-09-03T03:47:44.305002
23	体育生是如何抓老鼠的	258867		2020-09-03T03:47:44.305056
24	光遇	257764	新	2020-09-03T03:47:44.305109
25	印度宣布再禁用118款中国App	256724		2020-09-03T03:47:44.305177
26	修眉毛修出男朋友	253533		2020-09-03T03:47:44.305232
27	卖水救母女孩被哈尔滨医科大学录取	231241		2020-09-03T03:47:44.305288
28	75年前的流行歌曲	216990	新	2020-09-03T03:47:44.305343
29	张雨绮工作室回应	208226		2020-09-03T03:47:44.305412
30	日本拟在奥运前全民免费接种新冠疫苗	204078		2020-09-03T03:47:44.305467
31	不倒翁女孩表演中突然摔落	201074		2020-09-03T03:47:44.305521
32	凌霄当着陈婷的面吻李尖尖	165721		2020-09-03T03:47:44.305576
33	贺子秋贺梅和解	153830		2020-09-03T03:47:44.305630
34	杨笠 身材平是对男人的不屑一顾	143749		2020-09-03T03:47:44.305685
35	外交部回应印度士兵在边界冲突中丧生	143027		2020-09-03T03:47:44.305739
36	琉璃	142922		2020-09-03T03:47:44.305794
37	鹿晗演反派	117019		2020-09-03T03:47:44.305848
38	刘诗诗好美	109982		2020-09-03T03:47:44.305902
39	中元节	107394		2020-09-03T03:47:44.305956
40	库尔图瓦感染新冠	106675		2020-09-03T03:47:44.306010
41	意大利前总理感染新冠	105756		2020-09-03T03:47:44.306065
42	村民吃哄抢榴莲食物中毒原因查明	105589		2020-09-03T03:47:44.306119
43	司凤反捅昊辰	104629		2020-09-03T03:47:44.306173
44	庞博吐槽神童式教育	99847		2020-09-03T03:47:44.306227
45	脱口秀大会	94898		2020-09-03T03:47:44.306280
46	月亮	94698		2020-09-03T03:47:44.306334
47	赵晓卉淘汰感言	94216		2020-09-03T03:47:44.306388
48	多地发声要求非全日制学历一视同仁	93963		2020-09-03T03:47:44.306441
49	孩子间起冲突家长该不该介入	80417		2020-09-03T03:47:44.306496
50	不期而爱	78543		2020-09-03T03:47:44.306550
