排名	关键词	热度	特征	时间
1	中戏回应仝卓高考身份问题	4582703	沸	2020-05-29T12:44:51.716431
2	外交部回应孟晚舟事件	2395906	新	2020-05-29T12:44:51.716568
3	618当燃全星为你	1768260	荐	2020-05-29T12:44:51.716684
4	何鸿燊将于7月出殡	1536116	新	2020-05-29T12:44:51.716797
5	美国暴乱	1531323	沸	2020-05-29T12:44:51.716908
6	何猷君微博认证	1426442	热	2020-05-29T12:44:51.717019
7	陈冲女儿哈佛毕业	1020260	沸	2020-05-29T12:44:51.717126
8	与高个女友吵架是什么体验	954178	新	2020-05-29T12:44:51.717235
9	吉尼斯认证世界最长寿男性去世	922802		2020-05-29T12:44:51.717345
10	四六级考试延期	915823	新	2020-05-29T12:44:51.717432
11	TheShy卢锡安	698987	新	2020-05-29T12:44:51.717539
12	美国示威现场发生枪击事件	515216	新	2020-05-29T12:44:51.717646
13	外交部怼美英澳加四国外长	449278	新	2020-05-29T12:44:51.717754
14	李宇春青你2最终舞台特别呈现	447717	热	2020-05-29T12:44:51.717860
15	6月1日起北京恢复机动车尾号限行	447223		2020-05-29T12:44:51.717976
16	教育部调查仝卓改往届生身份	445892	热	2020-05-29T12:44:51.718076
17	美国500多名士兵前往明尼阿波利斯等地	442936		2020-05-29T12:44:51.718200
18	小偷被抓时身上携带刑法书籍	440828	新	2020-05-29T12:44:51.718298
19	多肉荔枝杨梅冰	439712		2020-05-29T12:44:51.718419
20	假如绿茶的目标是女生	377179		2020-05-29T12:44:51.718514
21	李佳航李晟相处模式	375292	热	2020-05-29T12:44:51.718608
22	咸蛋黄流沙冰粉	356714	新	2020-05-29T12:44:51.718730
23	青你2芭莎毕业照	347375		2020-05-29T12:44:51.718847
24	广东一老师用圆规扎未完成作业学生	271317		2020-05-29T12:44:51.718942
25	男童地铁上守护熟睡妈妈	267351		2020-05-29T12:44:51.719036
26	杨幂舞剑	264388		2020-05-29T12:44:51.719133
27	蔡徐坤被小女孩捏脸	263720		2020-05-29T12:44:51.719227
28	一分钟视频能有多少反转	260222		2020-05-29T12:44:51.719323
29	无人机拍摄的明尼阿波利斯市	258658	新	2020-05-29T12:44:51.719417
30	美国俄亥俄州抗议者闯入议会大厦	241094	新	2020-05-29T12:44:51.719538
31	马伊琍	239861		2020-05-29T12:44:51.719657
32	郑爽泡面刘海	239608		2020-05-29T12:44:51.719753
33	大学生游泳网课	237857		2020-05-29T12:44:51.719847
34	王者荣耀新英雄蒙恬	225410		2020-05-29T12:44:51.719941
35	4岁萌娃雨天为蜗牛撑伞	217208		2020-05-29T12:44:51.720051
36	张文宏 留美学生一下课赶快跑	198363		2020-05-29T12:44:51.720149
37	西安80岁奶奶直播带货	193943		2020-05-29T12:44:51.720245
38	你被外省人问过最多的问题	191092		2020-05-29T12:44:51.720340
39	林书豪为被暴力执法致死黑人发声	179299		2020-05-29T12:44:51.720436
40	山东舰正按计划进行海上试验训练	177840	新	2020-05-29T12:44:51.720531
41	爱笑的女生能有多好看	169377		2020-05-29T12:44:51.720650
42	超四成影院面临关门风险	152134		2020-05-29T12:44:51.720744
43	林志颖妈妈陈若仪相处	147939		2020-05-29T12:44:51.720839
44	近期买过最后悔的东西	146750		2020-05-29T12:44:51.720933
45	DRX战胜iG	138299		2020-05-29T12:44:51.721028
46	乃万短发	135991		2020-05-29T12:44:51.721122
47	人民海军五大兵种火力全开的画风	135084	新	2020-05-29T12:44:51.721216
48	吉林市为2022名外卖员免费做核酸检测	135052	新	2020-05-29T12:44:51.721336
49	洛杉矶数百人抗议暴力执法致死黑人	135043		2020-05-29T12:44:51.721456
50	广州多区中小学今起校园内脱口罩	114212		2020-05-29T12:44:51.721551
