排名	关键词	热度	特征	时间
1	秦岚好美	383725	热	2020-06-08T20:39:55.176526
2	上海暂停作为第一入境点	184957	热	2020-06-08T20:39:55.176702
3	虞书欣 致我最爱的婧妹们	183189	沸	2020-06-08T20:39:55.176859
4	xiye偷家	171350		2020-06-08T20:39:55.177011
5	宋凛周放摩托车吻	132657	沸	2020-06-08T20:39:55.177132
6	赵小棠成立工作室	129781		2020-06-08T20:39:55.177277
7	韦神结婚	109499	沸	2020-06-08T20:39:55.177391
8	妈妈扮玩偶校门口接女儿放学	86525		2020-06-08T20:39:55.177534
9	华春莹就香港问题向蓬佩奥连发三问	85590		2020-06-08T20:39:55.177649
10	莫向晚人设	85522		2020-06-08T20:39:55.177762
11	怪你过分美丽高以翔纪念特辑	85373		2020-06-08T20:39:55.177888
12	三叉戟	79603		2020-06-08T20:39:55.178021
13	广州暴雨致山体滑坡3人被埋	67726		2020-06-08T20:39:55.178150
14	武汉至北京客运航班复航	55464		2020-06-08T20:39:55.178277
15	抗癌跑友贺明离世	54393		2020-06-08T20:39:55.178405
16	郑爽超话头像	54215		2020-06-08T20:39:55.178529
17	夫妻搬家把房让给66只猫	53677		2020-06-08T20:39:55.178655
18	怪你过分美丽	52979		2020-06-08T20:39:55.178779
19	今年208家房企破产	52410		2020-06-08T20:39:55.178904
20	幸福触手可及	51873		2020-06-08T20:39:55.179029
21	孔雪儿工作室	51565		2020-06-08T20:39:55.179154
22	官方回应90后夫妻住深山生9娃	51059		2020-06-08T20:39:55.179279
23	两车相撞爆炸前5分钟人被救出	50791		2020-06-08T20:39:55.179405
24	美国又有警察涉嫌对非裔暴力执法	50437		2020-06-08T20:39:55.179530
25	直播平台借免费网课向学生推广网游	48445		2020-06-08T20:39:55.179653
26	黄景瑜怒斥跟拍者	44737		2020-06-08T20:39:55.179779
27	主动退市第一股重返A股	43830		2020-06-08T20:39:55.179904
28	牡丹江全民排查检出19名无症状感染者	42384		2020-06-08T20:39:55.180046
29	mifengaaa	42350		2020-06-08T20:39:55.180177
30	平底锅粉荔爆浆毛巾卷	40816		2020-06-08T20:39:55.180301
31	应采儿晒小儿子全身照	40708		2020-06-08T20:39:55.180425
32	西班牙所有足球比赛赛前默哀一分钟	38960		2020-06-08T20:39:55.180549
33	大理公交车发生车祸险坠桥	37758		2020-06-08T20:39:55.180675
34	美国一警察局长摆出被捕姿势8分钟	35728		2020-06-08T20:39:55.180800
35	重启2020你会做什么	35567		2020-06-08T20:39:55.180924
36	四川乐山街头遛熊猫真相	32956		2020-06-08T20:39:55.181050
37	杨幂高马尾造型	32155		2020-06-08T20:39:55.181175
38	数十亿美元钻石因疫情积压	30284		2020-06-08T20:39:55.181300
39	周杰伦新歌前奏	28860		2020-06-08T20:39:55.181424
40	外国人拍的中国宣传片	27099		2020-06-08T20:39:55.181548
41	中国足协聘请张文宏担任防疫专家	26890		2020-06-08T20:39:55.181671
42	LGD让一追二	26860		2020-06-08T20:39:55.181795
43	全海深潜水器成功完成万米海试	26575		2020-06-08T20:39:55.181917
44	警方通报女子用自行车撞击并掌掴女童	25261		2020-06-08T20:39:55.182041
45	湖北开建国内首条悬崖空挂列车	24850		2020-06-08T20:39:55.182165
46	樱花抹茶漏奶华	24048		2020-06-08T20:39:55.182290
47	北海狮现身大连岛礁	23687		2020-06-08T20:39:55.182415
48	派大星少说两句	21698		2020-06-08T20:39:55.182537
49	LGD ES	20443		2020-06-08T20:39:55.182660
50	仲夏繁花三明治	19791		2020-06-08T20:39:55.182782
