排名	关键词	热度	特征	时间
1	刘雨昕长发	249229	沸	2020-05-23T21:39:56.565654
2	国漫要走出中国道路	174615	沸	2020-05-23T21:39:56.565792
3	哎哟不错奥利奥	172995	荐	2020-05-23T21:39:56.565907
4	吴昕跳舞	169215	热	2020-05-23T21:39:56.566018
5	乃万甩话筒	151640	沸	2020-05-23T21:39:56.566128
6	青春有你导师合作舞台	123904	沸	2020-05-23T21:39:56.566236
7	有没有一种小龙虾是蓬松的	101991		2020-05-23T21:39:56.566344
8	澳门特区政府坚决支持中央决定	81365		2020-05-23T21:39:56.566431
9	澳大利亚暂停申办2032奥运	73426		2020-05-23T21:39:56.566519
10	赫兹中国回应申请破产	61973		2020-05-23T21:39:56.566603
11	建议未成年人不能从事超龄商业活动	45772	热	2020-05-23T21:39:56.566688
12	期待Lisa组	45721		2020-05-23T21:39:56.566795
13	舞者	45626		2020-05-23T21:39:56.566878
14	前CUBA篮球队员参军护航亚丁湾	44047		2020-05-23T21:39:56.566963
15	韩国梨泰院感染事件病毒类型与欧美吻合	41579		2020-05-23T21:39:56.567047
16	民营企业要在不断破解难题中前进	38025		2020-05-23T21:39:56.567143
17	高伟光情商	38015		2020-05-23T21:39:56.567243
18	幸福触手可及	37961		2020-05-23T21:39:56.567338
19	大学生活费最大的一笔支出	37934		2020-05-23T21:39:56.567434
20	美国感染新冠理发师与91人接触	37928		2020-05-23T21:39:56.567529
21	创造营	37879		2020-05-23T21:39:56.567624
22	张艺凡反串	37836		2020-05-23T21:39:56.567720
23	吉林四平拟禁养中华田园犬	37811		2020-05-23T21:39:56.567813
24	韫色过浓	37794		2020-05-23T21:39:56.567908
25	情人舞台像拍MV	37764		2020-05-23T21:39:56.568012
26	福州地铁夜间响起蛙声	37734		2020-05-23T21:39:56.568112
27	孙如云p图实力	37608		2020-05-23T21:39:56.568202
28	孟鹤堂曾毅跳女团舞	37431		2020-05-23T21:39:56.568289
29	乌鸦督促慢性子刺猬过马路	36400		2020-05-23T21:39:56.568376
30	山东冰雹	35879		2020-05-23T21:39:56.568461
31	手机备忘录里都写了什么	35634		2020-05-23T21:39:56.568545
32	马踏飞燕不拍正面的原因	35498		2020-05-23T21:39:56.568629
33	莫斯科市中心发生劫持人质事件	33833		2020-05-23T21:39:56.568713
34	武警抱受伤女孩到医院后默默离开	33618		2020-05-23T21:39:56.568798
35	黄子韬	33236		2020-05-23T21:39:56.568885
36	吉林封闭小区居民用蔬菜摆感谢语	31931		2020-05-23T21:39:56.568970
37	父亲收到女儿送的色盲眼镜	26678		2020-05-23T21:39:56.569054
38	闰四月	26329		2020-05-23T21:39:56.569142
39	当万亩樱花园遇上中国天眼	25338		2020-05-23T21:39:56.569235
40	故意绊倒儿童广场舞老人托人道歉	24576		2020-05-23T21:39:56.569330
41	蝴蝶落到了狗狗鼻子上	21960		2020-05-23T21:39:56.569423
42	张文宏称全球疫情可能要连续一到两年	21925		2020-05-23T21:39:56.569516
43	中国第一个国家公园	21693		2020-05-23T21:39:56.569610
44	巴坠机事故找到97具遗体	19386		2020-05-23T21:39:56.569703
45	张文宏谈如何正确使用空调	19145		2020-05-23T21:39:56.569797
46	小时候关于夏天的记忆	18503		2020-05-23T21:39:56.569890
47	你和同学在教室的样子	17239		2020-05-23T21:39:56.569984
48	假如婴儿有了牙齿	16916		2020-05-23T21:39:56.570076
49	西甲6月8日复赛	15445		2020-05-23T21:39:56.570169
50	AG赢了	14264		2020-05-23T21:39:56.570263
