排名	关键词	热度	特征	时间
1	仝卓工作室	4717517	新	2020-07-10T01:43:50.539909
2	首尔市长遗体被找到	3289122	沸	2020-07-10T01:43:50.540108
3	郑爽 敢爱敢冒险	2550486	荐	2020-07-10T01:43:50.540262
4	万达确诊女子流调报告60页仍未写完	1571362		2020-07-10T01:43:50.540407
5	易烊千玺ins	1460908	沸	2020-07-10T01:43:50.540526
6	李子柒番茄红了	1229367	沸	2020-07-10T01:43:50.540671
7	容婳怀孕	906672		2020-07-10T01:43:50.540814
8	七蒂睡莲	606814		2020-07-10T01:43:50.540926
9	哈萨克斯坦出现不明原因肺炎	526010	沸	2020-07-10T01:43:50.541037
10	江苏今年唯一一名盲人大学生考研成功	514853		2020-07-10T01:43:50.541179
11	女孩高考完哭着说假期规划是减肥	470124		2020-07-10T01:43:50.541304
12	李佳琦直播相机没电	459372	热	2020-07-10T01:43:50.541435
13	央行辟谣转账超10万将被严查	362635		2020-07-10T01:43:50.541596
14	公共场合过生日有多尴尬	281975		2020-07-10T01:43:50.541723
15	美最高法院裁定特朗普须提交纳税记录	269943		2020-07-10T01:43:50.541848
16	爱奇艺大剧片单	248027		2020-07-10T01:43:50.541975
17	文在寅	247861	新	2020-07-10T01:43:50.542099
18	陈卓璇 我们七个人一起站在山顶	242321	新	2020-07-10T01:43:50.542256
19	河南专升本	239834		2020-07-10T01:43:50.542416
20	原来梦境是可以控制的	235367		2020-07-10T01:43:50.542540
21	员工因业绩差被罚吃辣条进医院	230696		2020-07-10T01:43:50.542663
22	郑云龙	228578	新	2020-07-10T01:43:50.542787
23	索尼中国	226996		2020-07-10T01:43:50.542942
24	玻利维亚临时总统新冠检测阳性	221856	新	2020-07-10T01:43:50.543064
25	银行小伙卖假理财骗5000万元炒股	211134		2020-07-10T01:43:50.543219
26	上千只燕子电线上排成五线谱	202197		2020-07-10T01:43:50.543343
27	微博管理员	191569		2020-07-10T01:43:50.543466
28	孙俪长发造型	185835		2020-07-10T01:43:50.543589
29	贵州一隔离点4名缅甸籍人员撬窗外逃	177795		2020-07-10T01:43:50.543711
30	蹭痒蹭出钢管舞的熊	177786		2020-07-10T01:43:50.543835
31	喝酒被爸妈撞见是什么体验	163634		2020-07-10T01:43:50.543958
32	重启之极海听雷	156377		2020-07-10T01:43:50.544097
33	那些乘风破浪的逆行者	148348	新	2020-07-10T01:43:50.544220
34	香港单日新增确诊42例	142636		2020-07-10T01:43:50.544374
35	听到北京防疫CNN主播的表情	138817		2020-07-10T01:43:50.544496
36	93岁奶奶免费为考生送银耳汤	136845		2020-07-10T01:43:50.544619
37	医院通报医生向患者发不雅信息	136051		2020-07-10T01:43:50.544743
38	小男孩撑伞在路上蹦跳	118441		2020-07-10T01:43:50.544866
39	用一张图形容密室大逃脱	112419		2020-07-10T01:43:50.544989
40	锦绣南歌	106937		2020-07-10T01:43:50.545114
41	周迅加盟乐队的夏天2	102780		2020-07-10T01:43:50.545235
42	买两套公寓只有一扇门	99751		2020-07-10T01:43:50.545358
43	贝加尔湖畔的冰浪	92055	新	2020-07-10T01:43:50.545481
44	美股	85346	新	2020-07-10T01:43:50.545637
45	北京高考化学	83065		2020-07-10T01:43:50.545793
46	安徽歙县考生走出考场鞠躬致谢	79478		2020-07-10T01:43:50.545916
47	天山脚下千亩油菜花绽放	73479	新	2020-07-10T01:43:50.546041
48	吴世勋骑白马	71454	新	2020-07-10T01:43:50.546197
49	交警对着高考大巴比心	71041		2020-07-10T01:43:50.546351
50	青春有你3选男团	70107		2020-07-10T01:43:50.546474
