排名	关键词	热度	特征	时间
1	三十而已	365122	热	2020-07-26T23:57:35.472444
2	山东分数线	264880		2020-07-26T23:57:35.472619
3	虞书欣安崎向岳云鹏认错	227991		2020-07-26T23:57:35.472741
4	邓伦 我会做他们一辈子的好弟弟	194510		2020-07-26T23:57:35.472857
5	王祖蓝给周杰伦刷了700个穿云箭	183060	热	2020-07-26T23:57:35.472976
6	向往的生活爆笑名场面	133432	荐	2020-07-26T23:57:35.473118
7	Rookie 小钰	115076		2020-07-26T23:57:35.473261
8	央视曝光新闻App登假货广告	94009		2020-07-26T23:57:35.473374
9	微信停止服务印度用户	81412	热	2020-07-26T23:57:35.473489
10	俄罗斯海军节水上阅兵	81283		2020-07-26T23:57:35.473631
11	教练你还是骂我吧	81272		2020-07-26T23:57:35.473745
12	安全裤	80135	热	2020-07-26T23:57:35.473858
13	何猷启已离婚	77287	热	2020-07-26T23:57:35.473999
14	极限挑战收官	72638		2020-07-26T23:57:35.474140
15	指挥家杨鸿年去世	71867		2020-07-26T23:57:35.474265
16	女明星毫无偶像包袱的瞬间	68132		2020-07-26T23:57:35.474394
17	喻言是来参加跑步比赛的	65050		2020-07-26T23:57:35.474522
18	段振宇告白姜小果	63816		2020-07-26T23:57:35.474648
19	369	61502		2020-07-26T23:57:35.474773
20	秦淮河大堤内部被指挖空建高档餐厅	59044		2020-07-26T23:57:35.474896
21	李佳琦直播	53234		2020-07-26T23:57:35.475022
22	周杰伦直播	52557		2020-07-26T23:57:35.475145
23	录3年求婚视频男主回应	50364		2020-07-26T23:57:35.475269
24	阿里回应印度前雇员起诉	48662		2020-07-26T23:57:35.475392
25	假如用绿茶方式说话	45505		2020-07-26T23:57:35.475515
26	外卖小哥皮肤大战	45414		2020-07-26T23:57:35.475640
27	周杰伦疯狂翻牌	44953		2020-07-26T23:57:35.475763
28	郑希怡刘雨昕终于见面了	44359		2020-07-26T23:57:35.475888
29	比特币价格突破10000美元	43726		2020-07-26T23:57:35.476025
30	杭州女子失踪案是有预谋的故意杀人案	42854		2020-07-26T23:57:35.476154
31	忍界大战	42361		2020-07-26T23:57:35.476280
32	乃万线上演唱会	42330		2020-07-26T23:57:35.476404
33	河南专升本泄题嫌犯被控制	42191		2020-07-26T23:57:35.476528
34	戳爷 布布	41960		2020-07-26T23:57:35.476652
35	鲲龙AG600海上首飞成功	41918		2020-07-26T23:57:35.476778
36	你可以找到更好的工作	41820		2020-07-26T23:57:35.476903
37	赵丽颖泡泡袖白纱裙	41643		2020-07-26T23:57:35.477028
38	解放军南海实弹射击训练	40883		2020-07-26T23:57:35.477152
39	安徽一消防指挥员在抗洪中牺牲	40041		2020-07-26T23:57:35.477276
40	国安	36498		2020-07-26T23:57:35.477399
41	受灾小猫变成军喵	36388		2020-07-26T23:57:35.477522
42	三十而已的男性角色	36334		2020-07-26T23:57:35.477646
43	招生办通报专升本考试疑似泄题事件	35843		2020-07-26T23:57:35.477768
44	南开录取通知书送两粒莲花种子	35227		2020-07-26T23:57:35.477894
45	五条人回应被淘汰	34142		2020-07-26T23:57:35.478019
46	iG战胜TES	34050		2020-07-26T23:57:35.478143
47	马云	33485		2020-07-26T23:57:35.478267
48	台湾花莲海域5.5级地震	31688		2020-07-26T23:57:35.478391
49	iG TES	30516		2020-07-26T23:57:35.478515
50	河南专升本	30125		2020-07-26T23:57:35.478639
