排名	关键词	热度	特征	时间
1	伊能静黄圣依张萌 后妈茶话会	468967	热	2020-07-10T20:39:53.601282
2	官方辟谣蒙牛伊利等左右国家标准	324846	新	2020-07-10T20:39:53.601427
3	沈腾追了ta16年	324240	荐	2020-07-10T20:39:53.601554
4	向往的生活	323608		2020-07-10T20:39:53.601677
5	微博管理员回应晨小晨事件	323399	沸	2020-07-10T20:39:53.601776
6	窦骁	322826	热	2020-07-10T20:39:53.601895
7	吴尊友说此次疫情应对要感谢西城大爷	299602		2020-07-10T20:39:53.602012
8	江苏句容出现1例登革热病例	173304		2020-07-10T20:39:53.602108
9	香港青年质问美国为何如此双标	161988		2020-07-10T20:39:53.602204
10	宝蓝好稳	161431		2020-07-10T20:39:53.602299
11	什刹海	152164		2020-07-10T20:39:53.602386
12	张雨绮组第一	151479		2020-07-10T20:39:53.602471
13	炙热的我们	143658		2020-07-10T20:39:53.602555
14	黄明睿淘汰	142698		2020-07-10T20:39:53.602640
15	容婳流产	142319		2020-07-10T20:39:53.602724
16	奔跑吧	141214		2020-07-10T20:39:53.602806
17	程潇微博改名	140604		2020-07-10T20:39:53.602895
18	近百留学生网购回国机票被骗	139746		2020-07-10T20:39:53.602987
19	少年之名	127925		2020-07-10T20:39:53.603082
20	奈何boss又如何	117959		2020-07-10T20:39:53.603172
21	全聚德上半年预亏至少1.39亿元	111227		2020-07-10T20:39:53.603263
22	郑乃馨道歉	105317		2020-07-10T20:39:53.603355
23	认出了好朋友的小羊	99029		2020-07-10T20:39:53.603445
24	香港新增32例本地病例	84595		2020-07-10T20:39:53.603537
25	高三老师签永久假条学生喊不同意	84527		2020-07-10T20:39:53.603627
26	特朗普首次承诺戴口罩	84316		2020-07-10T20:39:53.603720
27	丁程鑫跳无价之姐	80412		2020-07-10T20:39:53.603810
28	阿朵经纪人发文	79249		2020-07-10T20:39:53.603901
29	科比ins转为缅怀账户	73766		2020-07-10T20:39:53.603991
30	路上遇到熟人的尴尬	62374		2020-07-10T20:39:53.604105
31	韩警方排除首尔市长身亡他杀嫌疑	62164		2020-07-10T20:39:53.604200
32	宁静把郑希怡脸亲黑了	62118		2020-07-10T20:39:53.604292
33	万茜造型	62103		2020-07-10T20:39:53.604384
34	妈妈变身汤姆猫迎接高考儿子	62071		2020-07-10T20:39:53.604476
35	赵立坚称美方在揣着明白装糊涂	60687		2020-07-10T20:39:53.604561
36	中央储备冻猪肉累计投放43万吨	59344		2020-07-10T20:39:53.604649
37	angelababy双马尾自拍	57719		2020-07-10T20:39:53.604740
38	张萌的海豚音好励志	56441		2020-07-10T20:39:53.604830
39	香港踩踏焚烧国旗男子改判入狱5周	54469		2020-07-10T20:39:53.604920
40	本科生带老婆孩子拍毕业照	53343		2020-07-10T20:39:53.605011
41	无印良品美国子公司申请破产保护	52024		2020-07-10T20:39:53.605109
42	吴昕一字马	50897		2020-07-10T20:39:53.605195
43	赌王何鸿燊出殡	50692		2020-07-10T20:39:53.605279
44	乘风破浪的姐姐二公	49068		2020-07-10T20:39:53.605362
45	Puff寒冰	48968		2020-07-10T20:39:53.605451
46	最强大脑	47728		2020-07-10T20:39:53.605541
47	腾讯老干妈和解	45365		2020-07-10T20:39:53.605627
48	日本举办可以偷的艺术展	45199		2020-07-10T20:39:53.605709
49	战毒	42762		2020-07-10T20:39:53.605791
50	医学生打游戏的优势	42546		2020-07-10T20:39:53.605873
