排名	关键词	热度	特征	时间
1	刘心悠 我喜欢谣言	2601819	热	2020-08-15T10:42:49.972429
2	学生宿舍不超6人等硬性隔离条件取消	2500989	热	2020-08-15T10:42:49.972618
3	超有排面生日趴	2494399	荐	2020-08-15T10:42:49.972774
4	中央美院录取通知书有416页	2493747	新	2020-08-15T10:42:49.972925
5	纪凌尘男子50米游泳冠军	2471556	热	2020-08-15T10:42:49.973074
6	说唱新世代表态了	2449360	荐	2020-08-15T10:42:49.973219
7	张靓颖 不要叫老师叫姐	1916651	新	2020-08-15T10:42:49.973363
8	见过最油腻的美人鱼	968810		2020-08-15T10:42:49.973510
9	9000块巨幅拼图被丈夫1秒毁掉	902994	新	2020-08-15T10:42:49.973623
10	朝鲜宣布实施大赦	798678		2020-08-15T10:42:49.973765
11	以家人之名	778083		2020-08-15T10:42:49.973880
12	王岳伦	767043	热	2020-08-15T10:42:49.973998
13	为什么rapper脖子上贴药膏	732830		2020-08-15T10:42:49.974142
14	超新星运动会	514652		2020-08-15T10:42:49.974258
15	莫迪称印度制造新冠疫苗将很快问世	450030		2020-08-15T10:42:49.974371
16	美国成立特别小组调查UFO现象	438721	新	2020-08-15T10:42:49.974485
17	上海大学校徽盲盒版录取通知书	413032		2020-08-15T10:42:49.974639
18	郑乃馨游泳太快了	408909		2020-08-15T10:42:49.974768
19	功夫熊猫原来是真的	407167	新	2020-08-15T10:42:49.974896
20	骗取贷款嫌疑人李冠君被通缉	404384	新	2020-08-15T10:42:49.975056
21	印度男子为亡妻建造1比1硅胶像	396914		2020-08-15T10:42:49.975213
22	周震南听到彩虹屁的表情	395558		2020-08-15T10:42:49.975340
23	失踪的耳机终于找到了	389578		2020-08-15T10:42:49.975464
24	境外师生未接到学校通知一律不返校	387926	新	2020-08-15T10:42:49.975590
25	科研人员为冰川盖被子减缓消融	352094		2020-08-15T10:42:49.975748
26	豆浆煮奶茶	343902		2020-08-15T10:42:49.975873
27	翟潇闻顶碗错位图	328370	新	2020-08-15T10:42:49.975995
28	阿朵像快意恩仇的江湖侠女	313831	新	2020-08-15T10:42:49.976176
29	济宁一农资存储点发生燃爆	301140		2020-08-15T10:42:49.976335
30	美国拦截4艘运送伊朗石油的油轮	278560		2020-08-15T10:42:49.976464
31	特斯拉认定拼多多团购构成转卖	275399		2020-08-15T10:42:49.976591
32	吴亦凡说药水哥眼神特别无助	249867		2020-08-15T10:42:49.976716
33	吴昕越来越自信了	235995		2020-08-15T10:42:49.976843
34	小麋鹿脖子上套轮胎生活1年	222104		2020-08-15T10:42:49.976968
35	CNN反驳特朗普所谓中国病毒说法	209646		2020-08-15T10:42:49.977092
36	想看董小姐为原型的大女主职场剧	206466		2020-08-15T10:42:49.977217
37	喻言许佳琪机场	206147		2020-08-15T10:42:49.977340
38	一个班17人被录取为空军飞行学员	200757		2020-08-15T10:42:49.977462
39	THE9首支MV	194442		2020-08-15T10:42:49.977585
40	当熟悉的人开始冷落你	191257		2020-08-15T10:42:49.977709
41	中餐厅后期	183794		2020-08-15T10:42:49.977833
42	长沙称体重点餐餐馆道歉	170930		2020-08-15T10:42:49.977961
43	女性防身教学视频合集	156590	新	2020-08-15T10:42:49.978082
44	合肥一物流园发生火灾	156113	新	2020-08-15T10:42:49.978239
45	全球每年浪费食物高达16亿吨	156027	新	2020-08-15T10:42:49.978392
46	GAI rapper不能说对不起	156016		2020-08-15T10:42:49.978547
47	三伏天快过去了	155214		2020-08-15T10:42:49.978672
48	云南丘北万寿菊花海	154761	新	2020-08-15T10:42:49.978796
49	南海大深度潜水训练大片	154748	新	2020-08-15T10:42:49.978953
50	剑网三	139806		2020-08-15T10:42:49.979110
