排名	关键词	热度	特征	时间
1	杨幂唱mojito	1796831	沸	2020-07-06T18:33:59.090644
2	高考	1527463	新	2020-07-06T18:33:59.090822
3	试用期必须为员工缴纳社保	1049181	沸	2020-07-06T18:33:59.090975
4	河神2没有李现	950489	新	2020-07-06T18:33:59.091124
5	大熊猫双胞胎顺顺溜溜病亡	752321		2020-07-06T18:33:59.091269
6	莫向晚创业	689834	新	2020-07-06T18:33:59.091395
7	鹿晗孙如云合照	685657	热	2020-07-06T18:33:59.091557
8	陈锡向月娘求婚	510138		2020-07-06T18:33:59.091715
9	中国十大美好生活城市	481673		2020-07-06T18:33:59.091841
10	郑云龙方回应仝卓喊话	437020	沸	2020-07-06T18:33:59.091967
11	环卫工被顶替教师岗26年调查结果	375905		2020-07-06T18:33:59.092142
12	河神2	375496		2020-07-06T18:33:59.092269
13	外交部提醒中国公民近期谨慎前往加拿大	286447		2020-07-06T18:33:59.092392
14	新冠病毒在亚洲出现前已在其他地方出现	284304		2020-07-06T18:33:59.092517
15	女明星的大胆发言	281784		2020-07-06T18:33:59.092641
16	鱼四没死	278784	新	2020-07-06T18:33:59.092765
17	爬6楼救人因恐高被困男子是退伍军人	277755	新	2020-07-06T18:33:59.092921
18	驻韩美军大闹釜山	273072	新	2020-07-06T18:33:59.093078
19	男孩高空抛水袋找乐子	270226	新	2020-07-06T18:33:59.093234
20	黄子韬关注徐艺洋	267569		2020-07-06T18:33:59.093386
21	A股牛市真来了吗	267220		2020-07-06T18:33:59.093510
22	高考前一晚怎么度过的	265074		2020-07-06T18:33:59.093635
23	港独分子周庭认罪	253641		2020-07-06T18:33:59.093760
24	小娘惹	229722		2020-07-06T18:33:59.093885
25	张雨绮帮李斯丹妮拒绝蓝盈莹	226835	热	2020-07-06T18:33:59.094008
26	湖南省5所高校升一本	210276		2020-07-06T18:33:59.094165
27	A到爆高考冲刺版无价之姐	202143	新	2020-07-06T18:33:59.094288
28	仝卓喊话郑云龙	194742		2020-07-06T18:33:59.094443
29	小红书崩了	191684		2020-07-06T18:33:59.094565
30	淮安发生重大暴力袭警案	188014		2020-07-06T18:33:59.094687
31	当电视画面投影在玻璃上	186817		2020-07-06T18:33:59.094811
32	一寸相思大结局	186207		2020-07-06T18:33:59.094935
33	香港国安法第43条实施细则刊宪	181374	新	2020-07-06T18:33:59.095058
34	减震堪比劳斯莱斯的小鸟	162967		2020-07-06T18:33:59.095216
35	鸡蛋价格半年降近3成	150667		2020-07-06T18:33:59.095341
36	货车门没关好致千余箱茅台掉落	149079		2020-07-06T18:33:59.095465
37	阿朵 这是你的功课	141899		2020-07-06T18:33:59.095589
38	香港国安法实施细则7月7日生效	141315	新	2020-07-06T18:33:59.095712
39	嘴强王者秒变青铜	140858		2020-07-06T18:33:59.095868
40	打工小伙在工地自学4年古筝	138079		2020-07-06T18:33:59.095992
41	jennie划水	137426		2020-07-06T18:33:59.096135
42	如花扮演者李健仁中风	126342		2020-07-06T18:33:59.096258
43	厦门六中唱我相信为高考加油	112721		2020-07-06T18:33:59.096387
44	四川32名学子保送清华北大	111507		2020-07-06T18:33:59.096510
45	Irene涩琪新歌	109548		2020-07-06T18:33:59.096637
46	痕迹大结局	107818		2020-07-06T18:33:59.096760
47	彩虹奶茶冰粥	95951		2020-07-06T18:33:59.096884
48	周深郎朗cos家有儿女	95753		2020-07-06T18:33:59.097008
49	北京彩虹	95081		2020-07-06T18:33:59.097131
50	世冠定妆照	93857		2020-07-06T18:33:59.097254
