排名	关键词	热度	特征	时间
1	孟晚舟	3302315	新	2020-05-24T13:59:35.597263
2	江苏小学初中不得公布考试成绩	1306958	新	2020-05-24T13:59:35.597336
3	张雨绮空降张沫凡直播间	1092747	荐	2020-05-24T13:59:35.597398
4	高校毕业生凌晨12点大合唱	991941	新	2020-05-24T13:59:35.597457
5	冰爽汽水螺蛳粉	987554		2020-05-24T13:59:35.597514
6	故宫角楼上空现云隙光	919552		2020-05-24T13:59:35.597562
7	鸟没吓到人吓晕了	864808		2020-05-24T13:59:35.597608
8	王毅现场纠正CNN记者提问角度	785066		2020-05-24T13:59:35.597655
9	为什么广东人普遍都很瘦	659503	沸	2020-05-24T13:59:35.597701
10	夫妻之间工资条算不算隐私	417054		2020-05-24T13:59:35.597758
11	给男朋友发两张相似的图	414478		2020-05-24T13:59:35.597804
12	王毅回应病毒源头问题	389084		2020-05-24T13:59:35.597850
13	平均每个美国人获中国出口口罩近40只	385435		2020-05-24T13:59:35.597906
14	购物台翻车现场	373111		2020-05-24T13:59:35.597954
15	eStar无缘季后赛	365249	新	2020-05-24T13:59:35.598003
16	王毅感谢给中国理解关心帮助的各国人民	352865		2020-05-24T13:59:35.598061
17	芝士小龙虾酥	345882	新	2020-05-24T13:59:35.598108
18	恋与制作人	342965		2020-05-24T13:59:35.598165
19	纽约中产开奔驰排队领取救济	335444		2020-05-24T13:59:35.598212
20	如果佛系追星也分类	294317	新	2020-05-24T13:59:35.598258
21	男生希望被理解的事	272329		2020-05-24T13:59:35.598316
22	林志颖妈妈说陈若仪穿短裤不礼貌	259721	热	2020-05-24T13:59:35.598361
23	谢可寅音量	215247		2020-05-24T13:59:35.598419
24	桂花可乐水晶粽	201806		2020-05-24T13:59:35.598465
25	两会vlog	201338		2020-05-24T13:59:35.598510
26	减肥餐让我精神分裂	190326		2020-05-24T13:59:35.598556
27	王思聪	180462	新	2020-05-24T13:59:35.598602
28	狗狗与小主人合作偷吃	172855		2020-05-24T13:59:35.598659
29	夏日神仙饮	165889	新	2020-05-24T13:59:35.598705
30	线上答辩是种什么样的体验	157359		2020-05-24T13:59:35.598762
31	建议未成年人玩网游要刷脸	151705		2020-05-24T13:59:35.598808
32	外交部全球开展前所未有的领保专项行动	139904		2020-05-24T13:59:35.598854
33	杭州渐变色健康码将上线	122556		2020-05-24T13:59:35.598900
34	正骨后的小鬼	116640		2020-05-24T13:59:35.598946
35	李晟儿子学妈妈说话	116298		2020-05-24T13:59:35.598992
36	珠峰高程测量登山队第三次向顶峰进发	115038		2020-05-24T13:59:35.599038
37	秦昊曾要求伊能静退赛	109243		2020-05-24T13:59:35.599084
38	车库被淹洪水完美倒车入库	105549		2020-05-24T13:59:35.599129
39	4岁女孩全国跳绳比赛连夺7冠	99640		2020-05-24T13:59:35.599175
40	大自然梦幻礼裙	89636		2020-05-24T13:59:35.599221
41	王毅答记者问	87512		2020-05-24T13:59:35.599266
42	王毅说美国不可能一厢情愿改变中国	86397		2020-05-24T13:59:35.599311
43	火箭少女配音葫芦娃	84726		2020-05-24T13:59:35.599356
44	中国总资产已经达到1302万亿元	80856		2020-05-24T13:59:35.599402
45	菲律宾高中用机器人替领毕业证书	80016	新	2020-05-24T13:59:35.599447
46	巩汉林回忆赵丽蓉	79713	新	2020-05-24T13:59:35.599504
47	你不知道的手机隐藏功能	79602		2020-05-24T13:59:35.599561
48	建议将脊柱健康纳入中小学生体检项目	77011		2020-05-24T13:59:35.599613
49	建议随意放生承担侵权责任	76450		2020-05-24T13:59:35.599665
50	王毅谈中美关系	75164		2020-05-24T13:59:35.599717
