排名	关键词	热度	特征	时间
1	虞书欣 Lisa亲我了	304945	沸	2020-06-06T21:49:44.516715
2	央视记者调查女孩玩蹦床致完全性瘫痪	233382	沸	2020-06-06T21:49:44.516843
3	张艺凡 妈妈把我保护的太好了	217559	沸	2020-06-06T21:49:44.516954
4	被黄景瑜笑死	171516	沸	2020-06-06T21:49:44.517062
5	快乐大本营	137512	沸	2020-06-06T21:49:44.517165
6	和大张伟在一起	125883	荐	2020-06-06T21:49:44.517268
7	官方通报小学女生校内遭4名男生侵害	125883	沸	2020-06-06T21:49:44.517374
8	洱海又见海菜花	122380	沸	2020-06-06T21:49:44.517492
9	韩国瑜被罢免	122243	沸	2020-06-06T21:49:44.517607
10	创造营	122179	沸	2020-06-06T21:49:44.517719
11	黄子韬 男人为什么不能怕虫子	116752		2020-06-06T21:49:44.517832
12	青簪行剧本	77752		2020-06-06T21:49:44.517924
13	青岛航空回应空乘穿制服下地插秧	72027		2020-06-06T21:49:44.518013
14	上海发布国内首套非接触式眼保健操	57789		2020-06-06T21:49:44.518103
15	青春环游记	56893		2020-06-06T21:49:44.518191
16	准噶尔盆地发现世界最大亚洲恐龙足迹	51930		2020-06-06T21:49:44.518278
17	赵小棠小号	51611		2020-06-06T21:49:44.518362
18	欧若拉	50879		2020-06-06T21:49:44.518443
19	美国大学取消伊万卡致辞	50046		2020-06-06T21:49:44.518525
20	丢失身份证后被入职16家公司	49753		2020-06-06T21:49:44.518604
21	黄明昊发文	48694		2020-06-06T21:49:44.518684
22	杨洋白衬衫	48285		2020-06-06T21:49:44.518763
23	月亮	47472		2020-06-06T21:49:44.518841
24	说唱听我的	47049		2020-06-06T21:49:44.518921
25	美民众发起装死抗议	38907		2020-06-06T21:49:44.519000
26	快跑	38839		2020-06-06T21:49:44.519078
27	家长对孩子眼睛问题存在的误区	37100		2020-06-06T21:49:44.519157
28	周游记	33974		2020-06-06T21:49:44.519238
29	杨迪教范丞丞山东话唱歌	33505		2020-06-06T21:49:44.519317
30	舞者	29451		2020-06-06T21:49:44.519395
31	吴昕卡点太好笑了	29397		2020-06-06T21:49:44.519474
32	马天宇	29389		2020-06-06T21:49:44.519552
33	马云和援鄂医疗队吃火锅	29329		2020-06-06T21:49:44.519630
34	美国明尼阿波利斯市将禁止警察锁喉	28420		2020-06-06T21:49:44.519709
35	Uzi解说	27539		2020-06-06T21:49:44.519789
36	迪丽热巴铁憨憨	27220		2020-06-06T21:49:44.519869
37	刘梦否认来创3蹭流量	27219		2020-06-06T21:49:44.519947
38	混血儿散装英语笑坏美国老爸	26871		2020-06-06T21:49:44.520041
39	总结一下我的2020年上半年	24347		2020-06-06T21:49:44.520124
40	欧洲最大科比壁画	22106		2020-06-06T21:49:44.520203
41	王一博以酒代水	22049		2020-06-06T21:49:44.520282
42	刘涛直播	21987		2020-06-06T21:49:44.520360
43	电动车被撞碎女子因戴头盔无大碍	21429		2020-06-06T21:49:44.520439
44	小学生吃烧烤偶遇班主任	20648		2020-06-06T21:49:44.520521
45	养在阳台的虾熟了	18913		2020-06-06T21:49:44.520600
46	衡水二中高考动员会	18099		2020-06-06T21:49:44.520678
47	独臂篮球少年与易建联交流球技	18042		2020-06-06T21:49:44.520758
48	Betty五杀	17211		2020-06-06T21:49:44.520836
49	上亿蝴蝶破茧成蝶	16826		2020-06-06T21:49:44.520914
50	2020KPL春季赛	12127		2020-06-06T21:49:44.520993
