排名	关键词	热度	特征	时间
1	周扬青 P照片是网红的基本职业素养	2932134	热	2020-05-17T15:52:42.424852
2	头盔涨价	1999284		2020-05-17T15:52:42.425038
3	中国移动20周年感恩回馈	1723404	荐	2020-05-17T15:52:42.425170
4	极限挑战	1666898	新	2020-05-17T15:52:42.425336
5	易烊千玺眉心痣	1646558	沸	2020-05-17T15:52:42.425494
6	李佳琦逛街遇到许光汉	1479366	热	2020-05-17T15:52:42.425651
7	创造营	1471638	新	2020-05-17T15:52:42.425807
8	张伯礼称一年内口罩还是摘不掉	1462414		2020-05-17T15:52:42.425965
9	中国今年有望成全球第一大市场	1441629	新	2020-05-17T15:52:42.426090
10	徽柔也在怀吉心里	1425289	新	2020-05-17T15:52:42.426247
11	野餐时突然要交作业	1401117		2020-05-17T15:52:42.426403
12	黄旭华李兰娟将为百对战疫新人证婚	1388834	新	2020-05-17T15:52:42.426527
13	吴宣仪辟谣拼车赶活动	1376190		2020-05-17T15:52:42.426685
14	以色列大使	1368157		2020-05-17T15:52:42.426809
15	钟南山称中国尚未建立起新冠免疫	1344973		2020-05-17T15:52:42.426934
16	给黄瓜挤奶	1331776		2020-05-17T15:52:42.427058
17	陈卓璇性格	1321185	新	2020-05-17T15:52:42.427183
18	朱主爱委屈	1107296	新	2020-05-17T15:52:42.427340
19	潘粤明真实体重	930623	新	2020-05-17T15:52:42.427495
20	大学不开学是种什么体验	695877	新	2020-05-17T15:52:42.427650
21	一辆车落了鸟粪物业摘了周围所有鸟巢	594928	新	2020-05-17T15:52:42.427804
22	薇娅直播	565559		2020-05-17T15:52:42.427961
23	冰雹	521319	新	2020-05-17T15:52:42.428084
24	王艺瑾面纱	416341	新	2020-05-17T15:52:42.428260
25	感动中国	414873	新	2020-05-17T15:52:42.428416
26	杀破狼	412548		2020-05-17T15:52:42.428573
27	李光洁当爸	362572		2020-05-17T15:52:42.428698
28	深圳居民收入跟不上房价涨幅	332263		2020-05-17T15:52:42.428822
29	美国洛杉矶市中心突发爆炸	327644		2020-05-17T15:52:42.428947
30	千万不要去抱健美选手	325197		2020-05-17T15:52:42.429074
31	青鸟组唱功	318111	新	2020-05-17T15:52:42.429198
32	吴亦凡黄子韬 一物降一物	317186		2020-05-17T15:52:42.429353
33	小饭桶 大头	292927		2020-05-17T15:52:42.429478
34	商务部回应美国对华为出口管制新规	280152		2020-05-17T15:52:42.429603
35	邓伦王子装	272514		2020-05-17T15:52:42.429727
36	最适合夏天用的壁纸	252150		2020-05-17T15:52:42.429852
37	男朋友有多贴心	250885		2020-05-17T15:52:42.429975
38	中央对最后52个贫困县挂牌督战	232832		2020-05-17T15:52:42.430099
39	武汉小区给居民做核酸检测的场景	229020		2020-05-17T15:52:42.430223
40	新冠疫情催涨日本儿童虐待案	224669		2020-05-17T15:52:42.430345
41	适合520发朋友圈的文案	213719		2020-05-17T15:52:42.430468
42	私信爱豆被翻牌的经历	202858		2020-05-17T15:52:42.430591
43	壁虎最委屈的死法	178357		2020-05-17T15:52:42.430713
44	北京百花山五月飘雪	175550		2020-05-17T15:52:42.430836
45	广州天气	171389	新	2020-05-17T15:52:42.430959
46	美的冰箱的微博评论	170028		2020-05-17T15:52:42.431112
47	清平乐大结局前篇	156453	新	2020-05-17T15:52:42.431236
48	二七塔周边友谊大厦6层以上将拆除	135688	新	2020-05-17T15:52:42.431392
49	火箭少女婚纱闺蜜照	133302		2020-05-17T15:52:42.431549
50	武汉网红窗帘将被湖北省博物馆收藏	122946		2020-05-17T15:52:42.431670
