排名	关键词	热度	特征	时间
1	杨国福邀请张亮代言	5492654	新	2020-08-10T10:42:49.294682
2	朋友圈骂人被判朋友圈道歉10天	2974523	新	2020-08-10T10:42:49.294819
3	上幼儿园 喝小小鲁班	2634997	荐	2020-08-10T10:42:49.294936
4	张朝阳称自己每天只睡4个小时	2295471	新	2020-08-10T10:42:49.295047
5	宋妍霏助理手机壁纸	1956688	热	2020-08-10T10:42:49.295159
6	网红景点	1048425	荐	2020-08-10T10:42:49.295270
7	毛里求斯十多万志愿者加入清洁行动	980061	新	2020-08-10T10:42:49.295378
8	浙江语文阅卷组长回应出版高考作文书	754328		2020-08-10T10:42:49.295486
9	微软回应断供中国	739214		2020-08-10T10:42:49.295573
10	张玉环回应申请国家赔偿	738903	热	2020-08-10T10:42:49.295659
11	吴昕VOGUE复古大片	738786		2020-08-10T10:42:49.295774
12	要骗一个人有多简单	716490	新	2020-08-10T10:42:49.295872
13	明星祝福视频产业链	574397		2020-08-10T10:42:49.295994
14	女公交司机在车上设置妈咪小屋	538280	新	2020-08-10T10:42:49.296105
15	北大牌匾录取通知书	532601		2020-08-10T10:42:49.296231
16	刘璇二胎得女	528254	热	2020-08-10T10:42:49.296328
17	上海暴雨	478527	新	2020-08-10T10:42:49.296447
18	母亲救子溺亡男孩哭喊我错了	471121	新	2020-08-10T10:42:49.296565
19	基金	457115		2020-08-10T10:42:49.296683
20	东芝正式退出笔记本电脑业务	432020		2020-08-10T10:42:49.296779
21	杭州九价HPV	418707	新	2020-08-10T10:42:49.296874
22	真的有漫画脸女孩吗	400299	新	2020-08-10T10:42:49.296993
23	官方回应广西男子锁妻	383619		2020-08-10T10:42:49.297112
24	湖南5人结伴漂流2人死亡	369299		2020-08-10T10:42:49.297208
25	官方回应是否启动对张玉环案追责	363305	新	2020-08-10T10:42:49.297302
26	日本小哥改造破烂卧室	362238	新	2020-08-10T10:42:49.297421
27	朴宰范中文rap	342796		2020-08-10T10:42:49.297541
28	吴亦凡皮质中山装	342029		2020-08-10T10:42:49.297638
29	央行行长谈下半年最大挑战	323117		2020-08-10T10:42:49.297733
30	崔天凯回应多个中美热点话题	320678		2020-08-10T10:42:49.297829
31	环卫工翻8吨垃圾帮找通知书	320016	新	2020-08-10T10:42:49.297923
32	中国商人买下标价1000万元口罩	277701		2020-08-10T10:42:49.298042
33	花木兰确认内地影院上映	245495	新	2020-08-10T10:42:49.298138
34	全国高速将统一限速标志	245475	新	2020-08-10T10:42:49.298257
35	黎巴嫩环境部长辞职	232551		2020-08-10T10:42:49.298375
36	LPL季后赛对阵	225963	新	2020-08-10T10:42:49.298470
37	菊次郎的夏天确认引进	220736		2020-08-10T10:42:49.298589
38	张靓颖海豚音rap	220020		2020-08-10T10:42:49.298684
39	大连10岁女童被害案法院判赔128万	212806	新	2020-08-10T10:42:49.298777
40	中国新说唱主题曲	205444		2020-08-10T10:42:49.298897
41	THE9首张EP	204766		2020-08-10T10:42:49.298993
42	你镜头下的网红公路	192624		2020-08-10T10:42:49.299088
43	猪肉价格上涨85.7%	190195		2020-08-10T10:42:49.299182
44	麦当劳回应包装检出致癌物质	181612		2020-08-10T10:42:49.299274
45	拍照如何显腿长	175958	新	2020-08-10T10:42:49.299369
46	复课第一天班主任拥抱每名学生	173424		2020-08-10T10:42:49.299488
47	蓝色格纹穿搭	169338	新	2020-08-10T10:42:49.299584
48	缓解尴尬最好的方式	168805		2020-08-10T10:42:49.299702
49	河南两儿一孙被枪杀案凶手获死刑	165373	新	2020-08-10T10:42:49.299796
50	四川第一封高考录取通知书发出	162750	新	2020-08-10T10:42:49.299915
