排名	关键词	热度	特征	时间
1	仝卓继父被免职	252348	热	2020-06-24T22:42:51.170124
2	隐秘的角落	123603		2020-06-24T22:42:51.170307
3	两男孩车内窒息车主发声	111999		2020-06-24T22:42:51.170432
4	警方通报牛萌萌吸毒被拘	92334	沸	2020-06-24T22:42:51.170555
5	狗子都有人接	74842	沸	2020-06-24T22:42:51.170700
6	刘雨昕生图	55244	沸	2020-06-24T22:42:51.170846
7	康养中心死者曾30天瘦40斤	49686		2020-06-24T22:42:51.170989
8	严良工具人	38293		2020-06-24T22:42:51.171106
9	俄罗斯胜利日阅兵	38291	沸	2020-06-24T22:42:51.171218
10	局中人	38264		2020-06-24T22:42:51.171360
11	于正 我对渣男蠢女不感兴趣	38245	热	2020-06-24T22:42:51.171474
12	欧盟国家正考虑禁止美公民入境	38232		2020-06-24T22:42:51.171617
13	康明凯之妻要求释放孟晚舟	38205		2020-06-24T22:42:51.171733
14	巴基斯坦公布失事客机初步调查	38189		2020-06-24T22:42:51.171846
15	密室大逃脱定档	38161		2020-06-24T22:42:51.171970
16	孟佳	38138	热	2020-06-24T22:42:51.172118
17	日本老爷爷用Excel画画	38126		2020-06-24T22:42:51.172280
18	高三女生课间靠男同桌肩膀小憩	38099		2020-06-24T22:42:51.172405
19	宝可梦大集结	38089		2020-06-24T22:42:51.172530
20	货车侧翻满车iPhone被烧	38065		2020-06-24T22:42:51.172656
21	姜潮麦迪娜版无价之姐	38057		2020-06-24T22:42:51.172784
22	华盛顿警方镇压黑宫自治区抗议者	38041		2020-06-24T22:42:51.172909
23	为减肥跳绳一不小心拿了世界亚军	37750		2020-06-24T22:42:51.173034
24	文旅局回应寒山笑世佛表情为原貌	35768		2020-06-24T22:42:51.173159
25	杂技演员阿尔卑斯山表演死亡之轮	34732		2020-06-24T22:42:51.173285
26	少年之名定档	31413		2020-06-24T22:42:51.173409
27	新生三胞胎新冠检测呈阳性	27915		2020-06-24T22:42:51.173533
28	芋泥啵啵奶茶粽	26869		2020-06-24T22:42:51.173657
29	国防部回应中印边境冲突	26836		2020-06-24T22:42:51.173780
30	大S汪小菲女儿幼儿园毕业照片	26830		2020-06-24T22:42:51.173902
31	童话与现实的距离	25742		2020-06-24T22:42:51.174024
32	新京报	25592		2020-06-24T22:42:51.174147
33	农学博士被村民误当反面教材	24891		2020-06-24T22:42:51.174271
34	福奇 美种族主义致更多非裔死于新冠	19990		2020-06-24T22:42:51.174394
35	北京新增一例确诊为19岁送货员	19937		2020-06-24T22:42:51.174517
36	北京超50%确诊为核酸筛查发现	19575		2020-06-24T22:42:51.174640
37	水蜜桃奶茶奶冻	19454		2020-06-24T22:42:51.174763
38	失踪人口大结局	18009		2020-06-24T22:42:51.174885
39	新冠肺炎有哪些非典型症状	17704		2020-06-24T22:42:51.175008
40	粽子应该吃甜的还是咸的	17577		2020-06-24T22:42:51.175130
41	迪丽热巴科技感封面	17203		2020-06-24T22:42:51.175252
42	内蒙古大型龙卷风	16828		2020-06-24T22:42:51.175375
43	律师解读两男孩车内窒息身亡	16291		2020-06-24T22:42:51.175497
44	北京暴雨	16261		2020-06-24T22:42:51.175618
45	眼镜帅哥图鉴	15937		2020-06-24T22:42:51.175740
46	证监会借助北斗导航查实獐子岛造假	15665		2020-06-24T22:42:51.175862
47	喻言白色西装	13437		2020-06-24T22:42:51.175987
48	小孩子的玩具有多好玩	12732		2020-06-24T22:42:51.176132
49	王者荣耀马超神威	12308		2020-06-24T22:42:51.176246
50	怪你过分美丽	10812		2020-06-24T22:42:51.176335
