排名	关键词	热度	特征	时间
1	张雨绮情绪失控跑下台	214790	热	2020-07-31T22:45:48.501638
2	浙大努某某被开除	183167	沸	2020-07-31T22:45:48.501820
3	不再酸别人的夏天	176950	荐	2020-07-31T22:45:48.501974
4	王漫妮相亲对象是王自健	173601		2020-07-31T22:45:48.502131
5	赵丽颖管钱	157243		2020-07-31T22:45:48.502263
6	三十而已	150190		2020-07-31T22:45:48.502395
7	应采儿催李泽锋还钱	133997	热	2020-07-31T22:45:48.502523
8	港警通缉罗冠聪等6名外逃乱港分子	121322		2020-07-31T22:45:48.502682
9	解放军和武警部队72.5万人次抗洪	118509		2020-07-31T22:45:48.502812
10	浦发银行称1200万贷款笔迹系同一人	116373		2020-07-31T22:45:48.502940
11	中餐厅	115869		2020-07-31T22:45:48.503067
12	杨洋太老实了	68569		2020-07-31T22:45:48.503193
13	钟晓芹钟晓阳约会	61299		2020-07-31T22:45:48.503321
14	最强大脑	61033		2020-07-31T22:45:48.503449
15	3男子骑马冲进海里救起12岁男孩	59697		2020-07-31T22:45:48.503574
16	北京暴雨故宫再现九龙吐水	58757		2020-07-31T22:45:48.503699
17	恶之花	58376		2020-07-31T22:45:48.503825
18	元气满满的哥哥	57666		2020-07-31T22:45:48.503951
19	青岛淘汰山东	55978		2020-07-31T22:45:48.504088
20	女子被尾随偶遇直播博主得救	50067		2020-07-31T22:45:48.504216
21	许飞P图和黄晓明合照	49465		2020-07-31T22:45:48.504344
22	黄明昊好惨	48190		2020-07-31T22:45:48.504471
23	接挪车电话找回丢失8年的车	46098		2020-07-31T22:45:48.504598
24	海南黑老大符聪被执行死刑	45231		2020-07-31T22:45:48.504722
25	奔跑吧	43711		2020-07-31T22:45:48.504847
26	张庆鹏	37030		2020-07-31T22:45:48.504971
27	GAI赚奶粉钱比JonyJ还难	36633		2020-07-31T22:45:48.505096
28	欧阳妮妮否认欧阳娜娜整过鼻子	36627		2020-07-31T22:45:48.505220
29	全国GDP超万亿城市	35804		2020-07-31T22:45:48.505345
30	三部门颁布4个国家职业技能标准	33652		2020-07-31T22:45:48.505468
31	这大概就是亲情最好的状态	31655		2020-07-31T22:45:48.505593
32	李泽锋机场被叫放炮的	31518		2020-07-31T22:45:48.505717
33	万茜ending动作	31508		2020-07-31T22:45:48.505840
34	熊本县营业部长跳无价之姐	31198		2020-07-31T22:45:48.505963
35	中国不会承认香港BNO护照	30367		2020-07-31T22:45:48.506087
36	殷世航 何婧婧	29983		2020-07-31T22:45:48.506211
37	杨易脑王之王	29855		2020-07-31T22:45:48.506335
38	三十而已追剧行为大赏	29685		2020-07-31T22:45:48.506459
39	莫言 晚熟的人	28700		2020-07-31T22:45:48.506584
40	张真源跳BLACKPINK新歌	28340		2020-07-31T22:45:48.506709
41	最辣眼的情侣头像	26861		2020-07-31T22:45:48.506833
42	李斯丹妮 是我不够可爱吗	26732		2020-07-31T22:45:48.506956
43	战毒	26690		2020-07-31T22:45:48.507080
44	TS晋级世冠四强	25737		2020-07-31T22:45:48.507203
45	开起火货车冲出闹市司机获赠新车	25149		2020-07-31T22:45:48.507328
46	内地检测人员将赴港协助核酸筛查	25011		2020-07-31T22:45:48.507452
47	吴昕侧手翻	24014		2020-07-31T22:45:48.507575
48	马云获约旦国王授勋	22280		2020-07-31T22:45:48.507699
49	95后战士2分钟救4人荣获一等功	19096		2020-07-31T22:45:48.507823
50	CBA	18799		2020-07-31T22:45:48.507945
