排名	关键词	热度	特征	时间
1	徐圣恩没出道	2670818	新	2020-08-28T18:39:52.509499
2	16岁少年涉重大刑案在逃	1655809		2020-08-28T18:39:52.509635
3	易烊千玺虚拟形象代言天猫	1365876	荐	2020-08-28T18:39:52.509729
4	李希侃C位	1322552	新	2020-08-28T18:39:52.509841
5	徐老师和裤子分手	1187458	沸	2020-08-28T18:39:52.509951
6	少年之名出道名单	865661	新	2020-08-28T18:39:52.510059
7	男子爬大理苍山失联5天遇难	589365		2020-08-28T18:39:52.510166
8	安倍称辞职如断肠之痛	573470		2020-08-28T18:39:52.510252
9	雀巢同意将中国水业务出售给青岛啤酒	566884		2020-08-28T18:39:52.510340
10	李尖尖主动吻凌霄	564651		2020-08-28T18:39:52.510436
11	王俊凯是电竞男主吧	555510	沸	2020-08-28T18:39:52.510535
12	Last Dance舞台 Happy ending	514367		2020-08-28T18:39:52.510658
13	中国好声音	513530		2020-08-28T18:39:52.510754
14	镇江10岁男孩被害案嫌疑人落网	511155		2020-08-28T18:39:52.510848
15	张一张鑫离婚	510434		2020-08-28T18:39:52.510942
16	贺子秋说我不需要可怜	507328		2020-08-28T18:39:52.511036
17	猫咪踮着脚开饮水机喝水	506699	新	2020-08-28T18:39:52.511131
18	华为鸿蒙OS即将升级	499561		2020-08-28T18:39:52.511247
19	动力电池迎来报废高峰期	491486	新	2020-08-28T18:39:52.511341
20	周梓倩 做作	480256		2020-08-28T18:39:52.511459
21	张一怀孕	474794		2020-08-28T18:39:52.511554
22	李子璇舞台变自信了	457080		2020-08-28T18:39:52.511647
23	以家人之名	454316		2020-08-28T18:39:52.511740
24	安徽怀宁一池塘现大量桃花水母	415992		2020-08-28T18:39:52.511833
25	少年之名总决赛	377675		2020-08-28T18:39:52.511929
26	吴亦凡说小白是心里第一名	376207		2020-08-28T18:39:52.512036
27	雪梨直播	371128	新	2020-08-28T18:39:52.512136
28	外交部回应向南海发射导弹报道	366448		2020-08-28T18:39:52.512251
29	大阪最大商业区多家药妆店关门	361390		2020-08-28T18:39:52.512346
30	中餐厅	361153	新	2020-08-28T18:39:52.512439
31	蓝盈莹自制总决赛番外	360638		2020-08-28T18:39:52.512556
32	GALI不想跟暴扣一个队拒绝潘玮柏	359725		2020-08-28T18:39:52.512649
33	凌霄病了	305239		2020-08-28T18:39:52.512744
34	安倍晋三就辞职举行记者会	304762		2020-08-28T18:39:52.512837
35	亲爱的自己	304491		2020-08-28T18:39:52.512931
36	宁静唱孝庄秘史主题曲拉票	301999		2020-08-28T18:39:52.513025
37	左叶第五	298431	新	2020-08-28T18:39:52.513119
38	梦见自己在天台一睁眼果然在	242265		2020-08-28T18:39:52.513237
39	全国首例微信解封入罪案宣判	199382		2020-08-28T18:39:52.513330
40	折耳根究竟是什么味道	190235		2020-08-28T18:39:52.513423
41	天空少年	186021	新	2020-08-28T18:39:52.513516
42	雪梨杨天真合伙	185769		2020-08-28T18:39:52.513634
43	中国新说唱	185058		2020-08-28T18:39:52.513728
44	林教练担任eStar主教练	173023	新	2020-08-28T18:39:52.513822
45	李子柒花海美食	169728		2020-08-28T18:39:52.513938
46	白色月光大结局	165316		2020-08-28T18:39:52.514031
47	武汉市管局回应菜场偷卖野生蛙	159501		2020-08-28T18:39:52.514124
48	父亲穿儿子学士服圆大学梦	110361		2020-08-28T18:39:52.514218
49	歼15航母起降全过程细节震撼画面	78101		2020-08-28T18:39:52.514310
50	官方回应妻子遭猥亵丈夫出手被拘	77429		2020-08-28T18:39:52.514403
