排名	关键词	热度	特征	时间
1	林有有恶心	233934	沸	2020-07-30T22:53:39.632339
2	特朗普建议推迟2020大选	147606		2020-07-30T22:53:39.632476
3	魏大勋尽显理想型本色	145479	荐	2020-07-30T22:53:39.632571
4	陈旭内涵许幻山	139096		2020-07-30T22:53:39.632682
5	玄彬宋慧乔	133990	沸	2020-07-30T22:53:39.632770
6	许幻山山渣	118563	沸	2020-07-30T22:53:39.632881
7	张杰给王漫妮唱他不懂	95453		2020-07-30T22:53:39.632998
8	李登辉病亡	93366	沸	2020-07-30T22:53:39.633096
9	秦昊妈妈劝伊能静谨言慎行	91394	热	2020-07-30T22:53:39.633221
10	黄鸿发被执行死刑	65731		2020-07-30T22:53:39.633343
11	顾佳什么时候离婚	65347		2020-07-30T22:53:39.633439
12	王漫妮告别顾佳钟晓芹	62571		2020-07-30T22:53:39.633535
13	刘在石的ending好辛苦	61794		2020-07-30T22:53:39.633629
14	钟晓芹陈屿分家	57687		2020-07-30T22:53:39.633725
15	美国二季度GDP暴跌32.9%	55936		2020-07-30T22:53:39.633818
16	三十而已小头像	55873		2020-07-30T22:53:39.633915
17	王漫妮精致穷仿妆	55830		2020-07-30T22:53:39.634011
18	重启	55005		2020-07-30T22:53:39.634105
19	这个蛋糕有点潦草了	52745		2020-07-30T22:53:39.634198
20	深圳卫健委发布人体健康经	51500		2020-07-30T22:53:39.634292
21	赵继伟	50901		2020-07-30T22:53:39.634385
22	教养好的男生有多加分	48305		2020-07-30T22:53:39.634479
23	TFBOYS摄影师回应	47108		2020-07-30T22:53:39.634572
24	狱警分享如何让孩子免于性侵	41778		2020-07-30T22:53:39.634667
25	抖音回应被判侵害用户信息	40977		2020-07-30T22:53:39.634762
26	考科目二时有多紧张	39062		2020-07-30T22:53:39.634858
27	小猫咪的侧颜杀	37377		2020-07-30T22:53:39.634952
28	美股	37095		2020-07-30T22:53:39.635045
29	吉野家将关闭含中国市场内150家门店	35570		2020-07-30T22:53:39.635140
30	黄之锋等12人参选立法会提名无效	34127		2020-07-30T22:53:39.635237
31	薇娅杨超越直播	33700		2020-07-30T22:53:39.635333
32	睡觉时被强制开机	33642		2020-07-30T22:53:39.635429
33	张杰线上演唱会	32533		2020-07-30T22:53:39.635523
34	虞书欣学生时期旧照	30788		2020-07-30T22:53:39.635616
35	德云男团合体直播	29449		2020-07-30T22:53:39.635710
36	离人心上	28182		2020-07-30T22:53:39.635806
37	哈尔的移动城堡	26602		2020-07-30T22:53:39.635901
38	于正编辑记录	26278		2020-07-30T22:53:39.635993
39	Somi舞台	25487		2020-07-30T22:53:39.636106
40	AG战胜VG	25432		2020-07-30T22:53:39.636201
41	杨紫造型师	24959		2020-07-30T22:53:39.636295
42	生气鸭变回唐老鸭	24880		2020-07-30T22:53:39.636389
43	王者荣耀新英雄阿古朵	24732		2020-07-30T22:53:39.636482
44	当宠物看到特效	24092		2020-07-30T22:53:39.636575
45	三星堆出土的陶猪撞脸了	23525		2020-07-30T22:53:39.636668
46	海底捞检出大肠菌群门店已营业	22657		2020-07-30T22:53:39.636763
47	减脂番茄无米烩饭	22632		2020-07-30T22:53:39.636858
48	西卡道歉	21884		2020-07-30T22:53:39.636953
49	天舞纪大结局	20824		2020-07-30T22:53:39.637047
50	张月	20503		2020-07-30T22:53:39.637140
