排名	关键词	热度	特征	时间
1	王思聪	4792685	沸	2020-07-17T17:48:44.752339
2	杀害女儿9岁同学男子被执行死刑	3162183	沸	2020-07-17T17:48:44.752524
3	健康中国合伙人	2340596	荐	2020-07-17T17:48:44.752682
4	向往的生活	1917354	新	2020-07-17T17:48:44.752830
5	赵露思生图	1916349	热	2020-07-17T17:48:44.752976
6	三十而已开播	1912495		2020-07-17T17:48:44.753122
7	李麒麟回应王思聪	1906712	新	2020-07-17T17:48:44.753237
8	奔跑吧	938548		2020-07-17T17:48:44.753392
9	大连女子隆胸去世医方承担完全责任	724041		2020-07-17T17:48:44.753523
10	华春莹回应所谓中国想窃取美国疫苗	669495	新	2020-07-17T17:48:44.753653
11	张雨绮 我没有顺拐	666561		2020-07-17T17:48:44.753815
12	杜华哭了	664816	热	2020-07-17T17:48:44.753939
13	LPL处罚Chris和Xx	659412	新	2020-07-17T17:48:44.754099
14	官方回应数百辆共享单车被丢垃圾场	655641	新	2020-07-17T17:48:44.754257
15	网传北京某小区出现确诊病例不实	642629		2020-07-17T17:48:44.754415
16	湖北恩施城区大面积被淹	632860	新	2020-07-17T17:48:44.754540
17	姜贞羽薄荷绿绑带裙	624694		2020-07-17T17:48:44.754698
18	梁爽知错	609928	新	2020-07-17T17:48:44.754824
19	名牌大学生多次偷外卖被刑拘	605839	新	2020-07-17T17:48:44.754980
20	高考查成绩的那天	599129	新	2020-07-17T17:48:44.755142
21	爷孙3人坠河两孙溺亡	548482		2020-07-17T17:48:44.755302
22	江疏影20岁军训旧照	547256		2020-07-17T17:48:44.755427
23	印度8年建成大桥1个月被冲垮	524190	新	2020-07-17T17:48:44.755553
24	大连隆胸死亡女子丈夫回应鉴定结果	493524	新	2020-07-17T17:48:44.755710
25	男子苦练萝莉音网恋半年骗50万	482800		2020-07-17T17:48:44.755866
26	钟文泽	481526	新	2020-07-17T17:48:44.755990
27	孟佳选人环节	473311		2020-07-17T17:48:44.756170
28	华春莹回应美方称中国试图超越美国	431777		2020-07-17T17:48:44.756296
29	唐嫣青花瓷长裙	418956		2020-07-17T17:48:44.756422
30	中组部划拨1.2亿元党费用于防汛救灾	361965		2020-07-17T17:48:44.756549
31	少年之名	358441		2020-07-17T17:48:44.756673
32	周深唱烟花易冷	349801	新	2020-07-17T17:48:44.756798
33	蓝盈莹说自己是硬邦邦的人	339158		2020-07-17T17:48:44.756957
34	金鹰奖参选名单	323473		2020-07-17T17:48:44.757083
35	外交部新任发言人汪文斌	303030		2020-07-17T17:48:44.757209
36	新疆全面摸排核酸检测呈阳性者	295565		2020-07-17T17:48:44.757333
37	丁禹兮眼镜杀	287888		2020-07-17T17:48:44.757457
38	世界上最小的河马	279558	新	2020-07-17T17:48:44.757582
39	官方回应居民救人遭社区书记抢功	276266	新	2020-07-17T17:48:44.757737
40	乘风破浪的姐姐	273728		2020-07-17T17:48:44.757890
41	伊能静教金莎和男生聊天	271750		2020-07-17T17:48:44.758006
42	恩施拉响防空警报	268347	新	2020-07-17T17:48:44.758120
43	最强大脑	258569		2020-07-17T17:48:44.758263
44	LNG处罚Xx	228707	新	2020-07-17T17:48:44.758377
45	九尾采访	227753	新	2020-07-17T17:48:44.758522
46	个人消费贷授信不超过20万	227236	新	2020-07-17T17:48:44.758670
47	新疆疫情	226923		2020-07-17T17:48:44.758828
48	炙热的我们	223378		2020-07-17T17:48:44.758952
49	警方再找回2名梅姨案被拐儿童	219667		2020-07-17T17:48:44.759076
50	暮白首	189865		2020-07-17T17:48:44.759202
