排名	关键词	热度	特征	时间
1	欧阳娜娜回应提议重录	2988819	热	2020-07-26T06:58:35.113888
2	警方回应女大学生在青海失联	1086159		2020-07-26T06:58:35.114064
3	南京出台外卖封签使用规范	800198	新	2020-07-26T06:58:35.114190
4	路威请假去夜店遭调查	791932		2020-07-26T06:58:35.114337
5	失联女大学生曾单人赴可可西里	762203	热	2020-07-26T06:58:35.114462
6	黄景瑜体能修复训练	703124	荐	2020-07-26T06:58:35.114622
7	王一博battle太炸了	701296	沸	2020-07-26T06:58:35.114778
8	许幻山没有心	477425		2020-07-26T06:58:35.114935
9	鲲龙AG600海上首飞成功	396231	新	2020-07-26T06:58:35.115060
10	教师写信鼓励高考失意者	389030	新	2020-07-26T06:58:35.115216
11	美国逾150名专家呼吁停止重启经济	378949		2020-07-26T06:58:35.115374
12	朝鲜发现新冠疑似病例	348904		2020-07-26T06:58:35.115497
13	被五条人笑死	344922	热	2020-07-26T06:58:35.115619
14	大连全面开展核酸检测	340143	新	2020-07-26T06:58:35.115772
15	许子言太可爱了	339388		2020-07-26T06:58:35.115926
16	飓风汉娜在美国得州登陆	338555		2020-07-26T06:58:35.116070
17	23岁女子心脏停跳3天奇迹治愈	338129	新	2020-07-26T06:58:35.116201
18	杭州杀妻男子曾称身正不怕影子斜	337188	热	2020-07-26T06:58:35.116359
19	罗云熙黑衣银发	336680	新	2020-07-26T06:58:35.116514
20	的哥听到女儿高考成绩激动落泪	335408	新	2020-07-26T06:58:35.116673
21	宠物狗在义乌走丢1个月后走回金华	334984		2020-07-26T06:58:35.116829
22	去东京旅行要做的100件事	334273	新	2020-07-26T06:58:35.116954
23	山东事业编考试	333014	新	2020-07-26T06:58:35.117112
24	武汉这十二类行为将被禁止	332660		2020-07-26T06:58:35.117267
25	2020王者荣耀世冠	265053		2020-07-26T06:58:35.117391
26	萌娃自制苍耳子皇冠	257521		2020-07-26T06:58:35.117512
27	国乒丑萌版漫画形象	253548	新	2020-07-26T06:58:35.117635
28	大学生在菜地里打造出新基建	242140		2020-07-26T06:58:35.117788
29	中国驻美使馆将暂管休斯敦总领馆工作	213480		2020-07-26T06:58:35.117910
30	被洪水卷走负伤战士呼吸道有浮萍草	210908		2020-07-26T06:58:35.118032
31	上半年起诉妨害疫情防控犯罪5565人	209119	新	2020-07-26T06:58:35.118150
32	恩施降雨引发内涝	203294		2020-07-26T06:58:35.118292
33	贾跃亭个人破产内幕	189749		2020-07-26T06:58:35.118407
34	美国驻成都总领事馆徽标被摘除	177450		2020-07-26T06:58:35.118519
35	辽宁新增13例本土病例	173174		2020-07-26T06:58:35.118631
36	宋茜李佳琦直播	168229		2020-07-26T06:58:35.118745
37	Chace问大张伟版权费付了吗	159146		2020-07-26T06:58:35.118856
38	最热中伏	154137		2020-07-26T06:58:35.118968
39	西藏军区练兵挺进海拔5000米	153470		2020-07-26T06:58:35.119079
40	重庆暴雨	147620		2020-07-26T06:58:35.119191
41	水木年华淘汰	140450		2020-07-26T06:58:35.119301
42	福奇称今年不会有新冠疫苗被广泛使用	139527		2020-07-26T06:58:35.119413
43	可可西里藏羚羊回迁季	137662		2020-07-26T06:58:35.119525
44	洪水中3名武警合力托举胖小伙	137244	新	2020-07-26T06:58:35.119645
45	这就是街舞3	137160		2020-07-26T06:58:35.119802
46	巴西总统新冠病毒检测结果转阴	136498	新	2020-07-26T06:58:35.119926
47	全国3005所高校名单	136492		2020-07-26T06:58:35.120097
48	新疆新增本土病例22例	132049		2020-07-26T06:58:35.120223
49	全球最大油服公司裁员21000人	109686		2020-07-26T06:58:35.120347
50	大连公布12例新增确诊详情	109324		2020-07-26T06:58:35.120470
