排名	关键词	热度	特征	时间
1	应采儿晒Jasper作业	4353251	热	2020-05-03T14:47:47.980949
2	英国首相称医生曾为他制定死亡预案	3211598	新	2020-05-03T14:47:47.981129
3	湖南卫视五四晚会	2421472	新	2020-05-03T14:47:47.981281
4	撤回是你爸爸最后的温柔	2404322	热	2020-05-03T14:47:47.981427
5	吴亦凡创3路透	1859703	沸	2020-05-03T14:47:47.981568
6	混油皮来抄作业	1624191	荐	2020-05-03T14:47:47.981710
7	大张伟插不进话的表情	1099985	沸	2020-05-03T14:47:47.981852
8	黑人抬棺老哥称疫情结束后会涨价	878394		2020-05-03T14:47:47.981990
9	罗琳宣布捐赠100万英镑	870523	新	2020-05-03T14:47:47.982102
10	我以为我很期待夏天	870354	沸	2020-05-03T14:47:47.982243
11	王源 滚烫的青春	861256	新	2020-05-03T14:47:47.982384
12	彭于晏头发	844338	热	2020-05-03T14:47:47.982523
13	医生撞断肋骨忍痛完成手术	843749		2020-05-03T14:47:47.982662
14	葡萄牙结束国家紧急状态	841416	新	2020-05-03T14:47:47.982787
15	唐家三少	841154	热	2020-05-03T14:47:47.982945
16	母女穿汉服打卡黄鹤楼	839154		2020-05-03T14:47:47.983103
17	宋茜空气感黑纱裙	838388		2020-05-03T14:47:47.983229
18	趵突泉遭遇停喷危机	629634	新	2020-05-03T14:47:47.983355
19	湖南卫视五四晚会节目单	619281	新	2020-05-03T14:47:47.983512
20	高中和大学老师的区别	512071	新	2020-05-03T14:47:47.983666
21	王一博黑色金丝长衫	462947		2020-05-03T14:47:47.983824
22	16岁女孩登珠峰	363609	新	2020-05-03T14:47:47.983949
23	三年前的你错过了什么	328378		2020-05-03T14:47:47.984102
24	全国父母统一的爱好	278110	新	2020-05-03T14:47:47.984246
25	男女寝室手机打灯隔空云蹦迪	264524		2020-05-03T14:47:47.984404
26	王俊凯王源易烊千玺海报	260052	热	2020-05-03T14:47:47.984530
27	许凯程潇动态封面	257739		2020-05-03T14:47:47.984684
28	武汉1.9万名高三学生已做核酸检测	253119		2020-05-03T14:47:47.984806
29	纽约州长称贸然解封是不顾人命	246333		2020-05-03T14:47:47.984929
30	警方急寻落入黄河4人	244985		2020-05-03T14:47:47.985052
31	Lisa遭死亡威胁	235557		2020-05-03T14:47:47.985174
32	家长相亲角外围给孩子征婚	231259		2020-05-03T14:47:47.985297
33	青梅口水排骨	223175		2020-05-03T14:47:47.985419
34	塞尔维亚总统再次与中国专家组碰肘	210527		2020-05-03T14:47:47.985540
35	全世界妈妈的通用手势	207906		2020-05-03T14:47:47.985662
36	假装在狗狗面前晕倒	204118		2020-05-03T14:47:47.985784
37	蛋挞皮芒果酥	203219	新	2020-05-03T14:47:47.985904
38	河南占领全国高温榜	201111		2020-05-03T14:47:47.986056
39	云南丽江日晕	188107		2020-05-03T14:47:47.986177
40	创造营2020	176943	新	2020-05-03T14:47:47.986293
41	明星的外号有多好笑	171736		2020-05-03T14:47:47.986436
42	孙颖莎被评为全国优秀共青团员	165117		2020-05-03T14:47:47.986548
43	日本九州岛附近海域6.0级地震	161138	新	2020-05-03T14:47:47.986658
44	周深关于青春	159872	新	2020-05-03T14:47:47.986797
45	郑州40.8度追平当地5月高温纪录	158638	新	2020-05-03T14:47:47.986936
46	当实力歌手跳起舞来	155825		2020-05-03T14:47:47.987076
47	火箭军小姐姐Vlog打卡军营夜市	154630	新	2020-05-03T14:47:47.987186
48	你微笑时很美剧照	154021		2020-05-03T14:47:47.987324
49	南京无人机喊话小姐姐假期再上线	144492		2020-05-03T14:47:47.987433
50	聪明的二哈不会挨饿	133444		2020-05-03T14:47:47.987542
