排名	关键词	热度	特征	时间
1	娜扎是单眼皮还是双眼皮	3936711	新	2020-09-25T06:34:57.073869
2	国家一级演员田蕤涉嫌猥亵	2791352	热	2020-09-25T06:34:57.073987
3	斯维诗越吃越美	2273235	荐	2020-09-25T06:34:57.074083
4	国航客机一乘客自杀身亡	2109619	新	2020-09-25T06:34:57.074182
5	蒋劲夫身材	2049331	热	2020-09-25T06:34:57.074282
6	万科新裤子合作出单曲	2013103	荐	2020-09-25T06:34:57.074377
7	赵露思 怎么又是你	1956438	新	2020-09-25T06:34:57.074471
8	南师大学生宿舍死亡排除他杀	1328715	新	2020-09-25T06:34:57.074564
9	日本药妆巨头净利润下跌四成	1218457	新	2020-09-25T06:34:57.074658
10	特朗普瞻仰金斯伯格遗体	1146532		2020-09-25T06:34:57.074754
11	谢娜说林雨申反差萌	1140086		2020-09-25T06:34:57.074831
12	金鹰女神候选名单	1036022		2020-09-25T06:34:57.074908
13	Ning	862142		2020-09-25T06:34:57.074984
14	iOS14.0.1	564074		2020-09-25T06:34:57.075058
15	女孩欲轻生民警急得想揍她	543386		2020-09-25T06:34:57.075131
16	张子枫新生合影	525665		2020-09-25T06:34:57.075205
17	甘肃发现首例白化野骆驼	484692		2020-09-25T06:34:57.075280
18	女大学生因母亲不让养猫欲轻生	481100	新	2020-09-25T06:34:57.075354
19	浓眉崴脚	439960	新	2020-09-25T06:34:57.075451
20	青岛涉冷链和环境样本51份检出阳性	438336		2020-09-25T06:34:57.075543
21	陈伟霆紫发	437766	新	2020-09-25T06:34:57.075617
22	985头	437706		2020-09-25T06:34:57.075708
23	学习和搞CP时你的区别	437116	新	2020-09-25T06:34:57.075782
24	徐姨娘	376469		2020-09-25T06:34:57.075874
25	特朗普暗示或强推疫苗在大选前上市	371662		2020-09-25T06:34:57.075948
26	谭松韵状态	370484	热	2020-09-25T06:34:57.076037
27	王子异科目二没过	370103		2020-09-25T06:34:57.076133
28	Rookie	368593		2020-09-25T06:34:57.076207
29	河南一高校强制毕业生参加创业培训	368108	新	2020-09-25T06:34:57.076280
30	哈尔滨复阳无症状感染者轨迹公布	365741		2020-09-25T06:34:57.076373
31	曹格女儿10岁了	365712		2020-09-25T06:34:57.076448
32	曲婉婷	365680		2020-09-25T06:34:57.076523
33	金鹰女神候选人关键词	364825		2020-09-25T06:34:57.076597
34	秋天的第一杯奶茶	349457		2020-09-25T06:34:57.076671
35	王毅称国家不分大小风险没有边界	348516		2020-09-25T06:34:57.076745
36	官方通报工作人员暴力摔死村鸡	348025	新	2020-09-25T06:34:57.076819
37	俄6名罪犯用勺子挖隧道越狱	327186		2020-09-25T06:34:57.076911
38	刘洲成点赞说马苏拍戏少视频	302912		2020-09-25T06:34:57.076985
39	送你一朵小红花新预告	260858		2020-09-25T06:34:57.077059
40	四六级报名	253067		2020-09-25T06:34:57.077132
41	王一博杀青晒陈宇剧照	247662		2020-09-25T06:34:57.077206
42	田蕤	219145		2020-09-25T06:34:57.077279
43	高18米全尺寸可动高达	214404	新	2020-09-25T06:34:57.077352
44	青岛	188933		2020-09-25T06:34:57.077444
45	田馥甄 无人知晓	187986	新	2020-09-25T06:34:57.077517
46	隆多关键篮板	187614	新	2020-09-25T06:34:57.077608
47	湖人拿到赛点	187420	新	2020-09-25T06:34:57.077701
48	青岛一公司发现2例无症状感染者	187411		2020-09-25T06:34:57.077792
49	湖人战胜掘金	176124	新	2020-09-25T06:34:57.077866
50	S10	106531		2020-09-25T06:34:57.077957
