排名	关键词	热度	特征	时间
1	刘雨昕长发	935923	沸	2020-05-23T19:38:56.744713
2	澳大利亚暂停申办2032奥运	673454		2020-05-23T19:38:56.744841
3	吴昕跳舞	556033	热	2020-05-23T19:38:56.744932
4	乃万甩话筒	472148	沸	2020-05-23T19:38:56.745039
5	青春有你导师合作舞台	386600	沸	2020-05-23T19:38:56.745143
6	谁最懂宋茜	356827	荐	2020-05-23T19:38:56.745246
7	有没有一种小龙虾是蓬松的	356526		2020-05-23T19:38:56.745348
8	澳门特区政府坚决支持中央决定	249143		2020-05-23T19:38:56.745429
9	国漫要走出中国道路	246636	沸	2020-05-23T19:38:56.745511
10	期待Lisa组	244158	新	2020-05-23T19:38:56.745613
11	赫兹中国回应申请破产	197259		2020-05-23T19:38:56.745715
12	韩国梨泰院感染事件病毒类型与欧美吻合	173958		2020-05-23T19:38:56.745796
13	建议未成年人不能从事超龄商业活动	156971	热	2020-05-23T19:38:56.745878
14	前CUBA篮球队员参军护航亚丁湾	149398	新	2020-05-23T19:38:56.745987
15	民营企业要在不断破解难题中前进	131644	新	2020-05-23T19:38:56.746106
16	父亲收到女儿送的色盲眼镜	128500		2020-05-23T19:38:56.746225
17	高伟光情商	128104		2020-05-23T19:38:56.746321
18	美国感染新冠理发师与91人接触	128069	新	2020-05-23T19:38:56.746414
19	大学生活费最大的一笔支出	127539		2020-05-23T19:38:56.746527
20	张艺凡反串	127113		2020-05-23T19:38:56.746617
21	幸福触手可及	126651		2020-05-23T19:38:56.746708
22	吉林四平拟禁养中华田园犬	126192	新	2020-05-23T19:38:56.746799
23	创造营	125991		2020-05-23T19:38:56.746910
24	韫色过浓	125398		2020-05-23T19:38:56.746993
25	孙如云p图实力	125041	新	2020-05-23T19:38:56.747075
26	孟鹤堂曾毅跳女团舞	124738		2020-05-23T19:38:56.747178
27	福州地铁夜间响起蛙声	124270		2020-05-23T19:38:56.747269
28	马踏飞燕不拍正面的原因	123833		2020-05-23T19:38:56.747360
29	情人舞台像拍MV	123489		2020-05-23T19:38:56.747451
30	武警抱受伤女孩到医院后默默离开	123387		2020-05-23T19:38:56.747541
31	黄子韬	106552		2020-05-23T19:38:56.747630
32	吉林封闭小区居民用蔬菜摆感谢语	103703		2020-05-23T19:38:56.747719
33	故意绊倒儿童广场舞老人托人道歉	102739		2020-05-23T19:38:56.747809
34	舞者	96468		2020-05-23T19:38:56.747900
35	手机备忘录里都写了什么	95315		2020-05-23T19:38:56.747989
36	乌鸦督促慢性子刺猬过马路	84462		2020-05-23T19:38:56.748102
37	闰四月	79941		2020-05-23T19:38:56.748194
38	山东冰雹	71785		2020-05-23T19:38:56.748286
39	莫斯科市中心发生劫持人质事件	70142		2020-05-23T19:38:56.748377
40	中国第一个国家公园	67554		2020-05-23T19:38:56.748461
41	当万亩樱花园遇上中国天眼	67153		2020-05-23T19:38:56.748543
42	蝴蝶落到了狗狗鼻子上	64428		2020-05-23T19:38:56.748625
43	张文宏称全球疫情可能要连续一到两年	58990		2020-05-23T19:38:56.748705
44	巴坠机事故找到97具遗体	56908		2020-05-23T19:38:56.748792
45	张文宏谈如何正确使用空调	56448		2020-05-23T19:38:56.748881
46	小时候关于夏天的记忆	52977		2020-05-23T19:38:56.748962
47	假如婴儿有了牙齿	49671		2020-05-23T19:38:56.749043
48	你和同学在教室的样子	49070		2020-05-23T19:38:56.749123
49	李现冲浪	48181		2020-05-23T19:38:56.749204
50	恶魔之眼艾肯泉	37709		2020-05-23T19:38:56.749285
