排名	关键词	热度	特征	时间
1	唯一的好男人是许子言	3409957	热	2020-07-29T09:54:38.727986
2	因疫情滞留新增食宿费用游客承担	1871149		2020-07-29T09:54:38.728186
3	素素拓拓种草北京故宫	1768625	荐	2020-07-29T09:54:38.728308
4	张国伟公主抱邓伦杨幂	1632720	新	2020-07-29T09:54:38.728456
5	金希澈ins评论	1630121	热	2020-07-29T09:54:38.728601
6	密室大逃脱障碍路挑战	1626124	荐	2020-07-29T09:54:38.728747
7	汪苏泷	1563501	热	2020-07-29T09:54:38.728901
8	陈养鱼许放炮梁海王	763485	沸	2020-07-29T09:54:38.729063
9	大连30例确诊为凯洋海鲜公司员工	696814		2020-07-29T09:54:38.729225
10	南昌舰主炮对岸射击训练画面	672832	新	2020-07-29T09:54:38.729352
11	梁正贤空间管理大师	669077		2020-07-29T09:54:38.729515
12	万茜经纪人发长文	667485	热	2020-07-29T09:54:38.729644
13	在京高校新生报到分批分期进行	655076	新	2020-07-29T09:54:38.729804
14	特朗普称美国大部分地区没有新冠病毒	641879		2020-07-29T09:54:38.729962
15	主持人沈力去世	603433	热	2020-07-29T09:54:38.730088
16	A股大涨	590161	新	2020-07-29T09:54:38.730245
17	陕西回应高考志愿填报系统崩溃	546224		2020-07-29T09:54:38.730403
18	杨玏机场被送鱼	539658		2020-07-29T09:54:38.730528
19	中国新说唱导师阵容	501457	新	2020-07-29T09:54:38.730653
20	古代网络现状	495126	新	2020-07-29T09:54:38.730809
21	三星堆里挖出来的猪	470831	新	2020-07-29T09:54:38.730969
22	刘亚仁朴信惠 活着	470773		2020-07-29T09:54:38.731124
23	密室大逃脱	435663		2020-07-29T09:54:38.731248
24	阿尔卑斯山现粉红色冰川	425522		2020-07-29T09:54:38.731374
25	在男朋友的衣服上绣花	419334		2020-07-29T09:54:38.731499
26	代入感太强了我已经	325210		2020-07-29T09:54:38.731625
27	真的有明星不想红吗	322192	新	2020-07-29T09:54:38.731748
28	王思聪点赞药水哥	313066		2020-07-29T09:54:38.731906
29	基金	297772		2020-07-29T09:54:38.732043
30	三星堆周边发现重要遗址	296683		2020-07-29T09:54:38.732170
31	深圳天气	279826		2020-07-29T09:54:38.732295
32	赵英俊	268416		2020-07-29T09:54:38.732419
33	彭昱畅丁禹兮天才游戏	261236		2020-07-29T09:54:38.732544
34	90后小伙一人一狗黄河漂流38天	248936		2020-07-29T09:54:38.732669
35	白俄总统确诊感染新冠病毒	245241		2020-07-29T09:54:38.732794
36	抗洪一线战士的床	242492	新	2020-07-29T09:54:38.732919
37	张月演技	241991		2020-07-29T09:54:38.733077
38	澳女议员穿垃圾袋回击着装批评	227905		2020-07-29T09:54:38.733202
39	林有有哭戏	227355		2020-07-29T09:54:38.733328
40	维秘母公司将裁员15%	226298		2020-07-29T09:54:38.733451
41	南京中考成绩	194166	新	2020-07-29T09:54:38.733576
42	蔡徐坤海军服	192042		2020-07-29T09:54:38.733734
43	黑人男子被警察射杀监控	187735		2020-07-29T09:54:38.733859
44	部分纳税人个税预扣预缴方法调整	183163		2020-07-29T09:54:38.733983
45	关晓彤配音三十而已	176863		2020-07-29T09:54:38.734108
46	博时基金	161286		2020-07-29T09:54:38.734232
47	心疼段振宇	139839		2020-07-29T09:54:38.734355
48	陕西一农用车坠崖已致7人遇难	138725		2020-07-29T09:54:38.734481
49	大连疫情	137310		2020-07-29T09:54:38.734606
50	余文乐祝王漫妮分手快乐	127040		2020-07-29T09:54:38.734732
