排名	关键词	热度	特征	时间
1	薇娅道歉	3258216	热	2020-09-05T04:38:53.031703
2	新冠肺炎已成美国第二大致死原因	2467033	新	2020-09-05T04:38:53.031829
3	李诞搜过啥	2464207	荐	2020-09-05T04:38:53.031938
4	成团采访 李斯丹妮组穿队服	2459594	新	2020-09-05T04:38:53.032050
5	姐姐团名叫什么	1463488		2020-09-05T04:38:53.032154
6	张杰 耳返燃断了	1161956	沸	2020-09-05T04:38:53.032234
7	如何看待梁颖罗冠军事件	726091	沸	2020-09-05T04:38:53.032333
8	梅西宣布留队	479340	沸	2020-09-05T04:38:53.032431
9	中印国防部长在莫斯科举行会晤	418013		2020-09-05T04:38:53.032528
10	孟佳哭着看王霏霏	411135	热	2020-09-05T04:38:53.032606
11	芒果台	401903		2020-09-05T04:38:53.032704
12	火箭vs湖人	392128		2020-09-05T04:38:53.032782
13	美国数百大学生不戴口罩办派对	342647	新	2020-09-05T04:38:53.032859
14	信条评分	308108		2020-09-05T04:38:53.032957
15	李权哲秒删	289891	新	2020-09-05T04:38:53.033034
16	全球已有超30种新冠疫苗进入临床试验	258749	新	2020-09-05T04:38:53.033130
17	外婆望远镜看孙子上幼儿园	258470	新	2020-09-05T04:38:53.033226
18	台州万达电影院大荧幕起火	256571	新	2020-09-05T04:38:53.033324
19	热火战胜雄鹿	253097	新	2020-09-05T04:38:53.033419
20	赵丽颖哭的镜头	252401		2020-09-05T04:38:53.033515
21	65岁大爷健身22年8块腹肌	248470	新	2020-09-05T04:38:53.033604
22	医护人员跪地急救抢出黄金6分钟	247994	新	2020-09-05T04:38:53.033713
23	美国疫情	246133	新	2020-09-05T04:38:53.033821
24	乘风破浪的姐姐成团名单	235646		2020-09-05T04:38:53.033929
25	手工耿说这个世界上没有没用的人	233211	新	2020-09-05T04:38:53.034016
26	跟阿朵学海豹鼓掌	229846	新	2020-09-05T04:38:53.034124
27	琉璃	220593		2020-09-05T04:38:53.034230
28	全球食品价格连续第三个月上涨	215482		2020-09-05T04:38:53.034315
29	湖北省政府秘书长别必雄接受调查	213519		2020-09-05T04:38:53.034400
30	黄龄郁可唯成团 意外	213119		2020-09-05T04:38:53.034484
31	以家人之名	212488		2020-09-05T04:38:53.034567
32	刘思瑶	151797		2020-09-05T04:38:53.034652
33	白敬亭演技	133654		2020-09-05T04:38:53.034737
34	钟南山入选世卫组织专家组	132718		2020-09-05T04:38:53.034821
35	庄北带唐灿试戏	132372		2020-09-05T04:38:53.034905
36	中餐厅	112264		2020-09-05T04:38:53.034988
37	撒野	111885		2020-09-05T04:38:53.035072
38	31省区市新增10例境外输入	108201		2020-09-05T04:38:53.035156
39	2岁女童10分钟横渡沾天湖	107058		2020-09-05T04:38:53.035239
40	宁静 我拿第一不想成团	105608		2020-09-05T04:38:53.035323
41	该不该向孩子解释死亡	104078		2020-09-05T04:38:53.035407
42	三项长跑世界纪录被打破	103559	新	2020-09-05T04:38:53.035491
43	山西一社区禁操办生日乔迁宴	100987	新	2020-09-05T04:38:53.035596
44	女孩为外婆手绘微信使用说明书	98638	新	2020-09-05T04:38:53.035701
45	中级会计	97128	新	2020-09-05T04:38:53.035806
46	蓝盈莹 初舞台第一今天倒数第一	95037		2020-09-05T04:38:53.035912
47	网文作者平均月收入5133元	93499		2020-09-05T04:38:53.035997
48	乘风破浪的夏天结束了	93205		2020-09-05T04:38:53.036093
49	赵彬彬孙晓萌关系	89062		2020-09-05T04:38:53.036177
50	男寝接连发现蜂巢获1斤多蜂蜜	88179		2020-09-05T04:38:53.036260
