排名	关键词	热度	特征	时间
1	郑爽坐路边自拍	2102884	热	2020-05-18T07:57:37.418577
2	天门山翼装飞行失联女大学生已找到	1477908	新	2020-05-18T07:57:37.418757
3	博物馆在移动 518文创节	1475918	荐	2020-05-18T07:57:37.418908
4	王一博 自己还是自己	1438100	新	2020-05-18T07:57:37.419054
5	中餐厅第四季国内录制	1156385	新	2020-05-18T07:57:37.419198
6	可阻断新冠感染的人源单克隆抗体	1127519		2020-05-18T07:57:37.419340
7	特朗普儿子称新冠病毒11月会消失	1103158	沸	2020-05-18T07:57:37.419453
8	张艺兴告别本季极限挑战	817582	沸	2020-05-18T07:57:37.419592
9	卖烧烤自救的幼儿园要开学了	742163		2020-05-18T07:57:37.419734
10	马云将从软银董事会辞职	657549		2020-05-18T07:57:37.419846
11	田柾国车银优郑在玹曾在梨泰院聚会	490362		2020-05-18T07:57:37.419958
12	吉林舒兰市实施最严格管控措施	425171	新	2020-05-18T07:57:37.420070
13	丰巢去年巨亏近8亿元	385381		2020-05-18T07:57:37.420231
14	开发商回应遗忘28年房屋被陌生人住	379555		2020-05-18T07:57:37.420349
15	最新国家赔偿标准	344274		2020-05-18T07:57:37.420461
16	被创3武汉学员感动哭	344082		2020-05-18T07:57:37.420572
17	绿地集团	343712	新	2020-05-18T07:57:37.420684
18	湖南卫视综艺片单	342857	新	2020-05-18T07:57:37.420823
19	迪丽热巴	342349		2020-05-18T07:57:37.420961
20	性单恋是怎样的感受	341716		2020-05-18T07:57:37.421075
21	亲爱的自己片花	341294	新	2020-05-18T07:57:37.421187
22	台积电	340749	新	2020-05-18T07:57:37.421325
23	邓伦 下个路口见	340270		2020-05-18T07:57:37.421465
24	腾讯80款游戏将落实防沉迷新规	339841		2020-05-18T07:57:37.421577
25	离婚的人为什么越来越多了	339295		2020-05-18T07:57:37.421690
26	sushbs	335988	新	2020-05-18T07:57:37.421800
27	张艺上	287033		2020-05-18T07:57:37.421940
28	蔡徐坤睡衣走秀	280297	新	2020-05-18T07:57:37.422052
29	4月70城房价	279303		2020-05-18T07:57:37.422189
30	贾乃亮真惨	278810		2020-05-18T07:57:37.422300
31	聪明的狗有多聪明	262798	新	2020-05-18T07:57:37.422412
32	鹿晗蓝色铃铛衬衫	261571	新	2020-05-18T07:57:37.422550
33	武汉五星级酒店转型自救开大排挡	227706	新	2020-05-18T07:57:37.422698
34	比利时首相访问医院遭医护背身抗议	220126		2020-05-18T07:57:37.422862
35	最期待拍番外的剧	218582		2020-05-18T07:57:37.422987
36	陈伟霆黑白写真	186056		2020-05-18T07:57:37.423114
37	黄子韬对吴亦凡说心动台词	184449		2020-05-18T07:57:37.423240
38	侵犯公民人身自由权每日赔偿346.75元	173119		2020-05-18T07:57:37.423364
39	田柾国经纪公司道歉	167633	新	2020-05-18T07:57:37.423489
40	全国政协十三届三次会议5月21日召开	167151	新	2020-05-18T07:57:37.423641
41	像极了上班摸鱼的你	165014	新	2020-05-18T07:57:37.423789
42	喜欢要不要马上说出来	164887	新	2020-05-18T07:57:37.423928
43	数学不好的痛苦	162710	新	2020-05-18T07:57:37.424068
44	烟火艺术家复刻鬼灭之刃日轮刀	161291	新	2020-05-18T07:57:37.424225
45	全球近100家苹果店已重新开放	160772	新	2020-05-18T07:57:37.424372
46	意大利电影院6月15日复工	159769	新	2020-05-18T07:57:37.424479
47	名字与性别不符是什么体验	158788		2020-05-18T07:57:37.424585
48	29岁边防战士患重症急需白细胞	137800	新	2020-05-18T07:57:37.424674
49	小时候无法理解的事	132702	新	2020-05-18T07:57:37.424791
50	大学生四个月绘成油画墙	129122		2020-05-18T07:57:37.424909
