排名	关键词	热度	特征	时间
1	陈辰生女	3988723	新	2020-08-05T09:32:59.606375
2	石家庄最大烂尾楼盘成网红拍照圣地	2213826	新	2020-08-05T09:32:59.606673
3	邓伦 人生难得窝囊	2063272	新	2020-08-05T09:32:59.606908
4	南京遇害女生男友曾一起去报案	1589037	沸	2020-08-05T09:32:59.607121
5	江疏影谈王漫妮留学	1302268		2020-08-05T09:32:59.607331
6	游戏嘉年华	1291391	荐	2020-08-05T09:32:59.607504
7	浙二眼科	1289620	沸	2020-08-05T09:32:59.607698
8	中国赴黎巴嫩维和部队待命救援	1276857	新	2020-08-05T09:32:59.607889
9	美军发射一枚民兵3洲际导弹	1270868		2020-08-05T09:32:59.608107
10	10万余箱问题坚果流入市场	1270834		2020-08-05T09:32:59.608305
11	导致爆炸的2750吨硝酸铵堆放了6年	1270800	新	2020-08-05T09:32:59.608476
12	林更新	1091206	热	2020-08-05T09:32:59.608679
13	作者回应带女儿穿越回我爱我家	890782		2020-08-05T09:32:59.608871
14	深圳一号线女性车厢标语	718680		2020-08-05T09:32:59.609043
15	央视评男教师10年猥亵20多名男生	479446		2020-08-05T09:32:59.609209
16	德阳安医生自杀案今日开庭	472780		2020-08-05T09:32:59.609380
17	郑爽港风造型	457484		2020-08-05T09:32:59.609548
18	硝酸铵是什么	449599		2020-08-05T09:32:59.609708
19	黎巴嫩首都爆炸死亡人数已超100人	422792	新	2020-08-05T09:32:59.609866
20	华为年薪201万天才少年回应	420611		2020-08-05T09:32:59.610066
21	杭州新增1例无症状感染者	419506		2020-08-05T09:32:59.610232
22	TFBOYS新歌预告	417637	新	2020-08-05T09:32:59.610397
23	杭州排查新增无症状感染者活动轨迹	415644	新	2020-08-05T09:32:59.610585
24	父亲第一条朋友圈献给女儿	345414	热	2020-08-05T09:32:59.610785
25	巴西副总统欢迎华为参与本国5G竞标	307222		2020-08-05T09:32:59.610983
26	林有有 工具人	285883	热	2020-08-05T09:32:59.611157
27	李宇春像极了上课怕被点名的我	284783		2020-08-05T09:32:59.611349
28	少女时代合体	275677		2020-08-05T09:32:59.611519
29	快递柜取件码安全性存疑	264219		2020-08-05T09:32:59.611678
30	苹果更新27寸iMac	263011		2020-08-05T09:32:59.611838
31	独居老人家中摔倒4天靠敲盆获救	262298		2020-08-05T09:32:59.611995
32	吴彦祖近照	249106	新	2020-08-05T09:32:59.612191
33	擅摘并蒂莲者被纳入不文明行为记录	241396		2020-08-05T09:32:59.612384
34	鹿晗演技	239305		2020-08-05T09:32:59.612546
35	粤港澳大湾区城际铁路建设规划获批	209935		2020-08-05T09:32:59.612668
36	广东湛江20公里银滩变黑滩	200560		2020-08-05T09:32:59.612799
37	刘雨昕再唱想见你	199768		2020-08-05T09:32:59.612927
38	游客被洪水冲走瞬间消防员一把抓住	182769		2020-08-05T09:32:59.613051
39	江南百景图金画轴抽卡	174282		2020-08-05T09:32:59.613181
40	英雄联盟灵能特工皮肤	173379		2020-08-05T09:32:59.613305
41	王源未来感大片	160156		2020-08-05T09:32:59.613429
42	大学生制作高校土味宣传片	154615		2020-08-05T09:32:59.613549
43	张月李泽锋微博评论	139276	新	2020-08-05T09:32:59.613674
44	贝鲁特市长接受采访时痛哭	135804		2020-08-05T09:32:59.613820
45	新冠疫情影响全球超10亿学生	127867		2020-08-05T09:32:59.613947
46	26年前张玉环故意杀人案6大疑点	127362		2020-08-05T09:32:59.614074
47	北京市民可随手拍举报交通违法行为	118350		2020-08-05T09:32:59.614203
48	花木兰放弃北美院线发行	110181		2020-08-05T09:32:59.614334
49	台风过后男子家中下水道喷垃圾	105172		2020-08-05T09:32:59.614460
50	雾山五行	104645		2020-08-05T09:32:59.614588
