排名	关键词	热度	特征	时间
1	中戏回应仝卓高考身份问题	5069768	新	2020-05-29T11:52:42.413059
2	吉尼斯认证世界最长寿男性去世	1001178		2020-05-29T11:52:42.413196
3	理想生活狂欢季	996653	荐	2020-05-29T11:52:42.413293
4	何猷君微博认证	985572	热	2020-05-29T11:52:42.413405
5	美国暴乱	976109	新	2020-05-29T11:52:42.413515
6	瑞克和莫蒂脑洞绝了	907760		2020-05-29T11:52:42.413630
7	陈冲女儿哈佛毕业	875595	沸	2020-05-29T11:52:42.413728
8	外交部回应孟晚舟事件	861716	新	2020-05-29T11:52:42.413848
9	TheShy卢锡安	710546	新	2020-05-29T11:52:42.413970
10	美国示威现场发生枪击事件	573760	新	2020-05-29T11:52:42.414090
11	李宇春青你2最终舞台特别呈现	524287	热	2020-05-29T11:52:42.414207
12	6月1日起北京恢复机动车尾号限行	508663		2020-05-29T11:52:42.414325
13	美国500多名士兵前往明尼阿波利斯等地	503236		2020-05-29T11:52:42.414420
14	DRX战胜iG	501291	新	2020-05-29T11:52:42.414514
15	美国明尼阿波利斯市进入紧急状态	495427		2020-05-29T11:52:42.414631
16	广州多区中小学今起校园内脱口罩	488324		2020-05-29T11:52:42.414725
17	教育部调查仝卓改往届生身份	480128	热	2020-05-29T11:52:42.414820
18	GEN战胜JDG	473506		2020-05-29T11:52:42.414939
19	多肉荔枝杨梅冰	469705		2020-05-29T11:52:42.415033
20	青你2芭莎毕业照	465218		2020-05-29T11:52:42.415125
21	假如绿茶的目标是女生	463043		2020-05-29T11:52:42.415220
22	李佳航李晟相处模式	436931	热	2020-05-29T11:52:42.415314
23	中国6亿人月收入仅1000元	324381		2020-05-29T11:52:42.415433
24	你被外省人问过最多的问题	323136		2020-05-29T11:52:42.415529
25	男童地铁上守护熟睡妈妈	305709		2020-05-29T11:52:42.415623
26	咸蛋黄流沙冰粉	301950	新	2020-05-29T11:52:42.415717
27	马伊琍	300033	热	2020-05-29T11:52:42.415836
28	杨幂舞剑	299127		2020-05-29T11:52:42.415953
29	广东一老师用圆规扎未完成作业学生	296895		2020-05-29T11:52:42.416061
30	王者荣耀新英雄蒙恬	265821	新	2020-05-29T11:52:42.416159
31	西安80岁奶奶直播带货	262255		2020-05-29T11:52:42.416278
32	蔡徐坤被小女孩捏脸	261304		2020-05-29T11:52:42.416372
33	郑爽泡面刘海	261004		2020-05-29T11:52:42.416466
34	大学生游泳网课	257273		2020-05-29T11:52:42.416558
35	洛杉矶数百人抗议暴力执法致死黑人	252542		2020-05-29T11:52:42.416651
36	超四成影院面临关门风险	246417	新	2020-05-29T11:52:42.416746
37	一分钟视频能有多少反转	245004	新	2020-05-29T11:52:42.416862
38	林书豪为被暴力执法致死黑人发声	243614		2020-05-29T11:52:42.416980
39	美国俄亥俄州抗议者闯入议会大厦	239285	新	2020-05-29T11:52:42.417074
40	4岁萌娃雨天为蜗牛撑伞	228410		2020-05-29T11:52:42.417194
41	张文宏 留美学生一下课赶快跑	226440		2020-05-29T11:52:42.417288
42	爱笑的女生能有多好看	221192		2020-05-29T11:52:42.417381
43	近期买过最后悔的东西	175143		2020-05-29T11:52:42.417473
44	林志颖妈妈陈若仪相处	172026		2020-05-29T11:52:42.417566
45	山东舰正按计划进行海上试验训练	171498	新	2020-05-29T11:52:42.417661
46	新英雄蒙恬	171021		2020-05-29T11:52:42.417780
47	姜潮妈妈婚前给麦迪娜买房	141675		2020-05-29T11:52:42.417873
48	乃万短发	137891		2020-05-29T11:52:42.417966
49	家暴出轨不受离婚冷静期限制	124419		2020-05-29T11:52:42.418058
50	雄安站预计于2020年底投入使用	121672		2020-05-29T11:52:42.418151
