排名	关键词	热度	特征	时间
1	俞灏明 原谅我当年的年少无知	952580	沸	2020-05-20T19:58:37.947180
2	泰国文化部禁止拍摄吻戏	624235		2020-05-20T19:58:37.947256
3	迪丽热巴仙气告白	337331	荐	2020-05-20T19:58:37.947309
4	法院驳回赖冠霖上诉申请	308955		2020-05-20T19:58:37.947371
5	周放相亲	275150		2020-05-20T19:58:37.947421
6	秦清 五三	215880		2020-05-20T19:58:37.947469
7	武汉网红窗帘主人领证	186227	热	2020-05-20T19:58:37.947520
8	剑桥大学取消下一学年所有面对面讲座	168136		2020-05-20T19:58:37.947581
9	建议赋予单身女性实施辅助生育技术权利	156422	沸	2020-05-20T19:58:37.947629
10	武汉全面禁止食用野生动物	155853		2020-05-20T19:58:37.947692
11	绿地开除被举报高管	139361		2020-05-20T19:58:37.947746
12	魏晨结婚	125515	热	2020-05-20T19:58:37.947799
13	亚洲翼装飞行第一人谈极限运动	103277		2020-05-20T19:58:37.947870
14	阴阳师 鬼灭之刃	86843		2020-05-20T19:58:37.947923
15	不戴头盔处罚仅限于摩托车	85364		2020-05-20T19:58:37.947975
16	暴风集团被证监会立案调查	80779		2020-05-20T19:58:37.948027
17	给女友转账520000元分手后追债	80269	热	2020-05-20T19:58:37.948078
18	罗永浩致歉	79395		2020-05-20T19:58:37.948143
19	体育生邀请邻系女生合拍毕业照	77790		2020-05-20T19:58:37.948206
20	被遗弃的孩子当了云爸爸	77158		2020-05-20T19:58:37.948261
21	周杰伦昆凌跳舞	75472		2020-05-20T19:58:37.948313
22	婚姻登记处提示牌闹乌龙	73955		2020-05-20T19:58:37.948365
23	马保国被KO前提醒裁判注意安全	72916		2020-05-20T19:58:37.948417
24	第一次被告白的经历	71762		2020-05-20T19:58:37.948469
25	仪式感不分年龄	70738		2020-05-20T19:58:37.948520
26	小鬼专辑	70316		2020-05-20T19:58:37.948571
27	王俊凯唱夜空中最亮的星	69327		2020-05-20T19:58:37.948623
28	出门就是烤自己	68339		2020-05-20T19:58:37.948674
29	国防部连用6个任何回应台湾问题	67162		2020-05-20T19:58:37.948725
30	枯木逢春美甲	66170		2020-05-20T19:58:37.948776
31	朋友圈秀恩爱大赏	63520		2020-05-20T19:58:37.948827
32	冰火脆皮冰淇淋	55143		2020-05-20T19:58:37.948878
33	美军F35A战机坠毁	50524		2020-05-20T19:58:37.948929
34	建议公费师范生不当老师记入诚信档案	49171		2020-05-20T19:58:37.948980
35	趁年轻早恋爱	49013		2020-05-20T19:58:37.949032
36	真人版海贼王计划今年开拍	48828		2020-05-20T19:58:37.949083
37	模范生的告白	48124		2020-05-20T19:58:37.949134
38	瑞幸盘前大跌50%	45569		2020-05-20T19:58:37.949186
39	全国在学研究生286.37万人	45487		2020-05-20T19:58:37.949237
40	别去查看QQ空间日志	42785		2020-05-20T19:58:37.949289
41	李易峰银发封面	42128		2020-05-20T19:58:37.949340
42	北京21家房产中介被查处	41343		2020-05-20T19:58:37.949391
43	喜欢你我也是	40260		2020-05-20T19:58:37.949443
44	民政部要求整治天价彩礼低俗婚闹	39806		2020-05-20T19:58:37.949494
45	月光美人礼裙	37758		2020-05-20T19:58:37.949546
46	全国共有多少在校生	33260		2020-05-20T19:58:37.949597
47	韩萌 施迤	32383		2020-05-20T19:58:37.949648
48	公安部密切关注安全头盔涨价问题	29711		2020-05-20T19:58:37.949700
49	诺伊尔续约	23688		2020-05-20T19:58:37.949751
50	全国政协十三届三次会议新闻发布会	19752		2020-05-20T19:58:37.949802
