排名	关键词	热度	特征	时间
1	蔡依林身材	780411	沸	2020-07-02T00:47:46.872309
2	日本拟对中韩两国人员开放入境许可	761902		2020-07-02T00:47:46.872491
3	肯德基疯狂星期四	761628	荐	2020-07-02T00:47:46.872616
4	百度搜索 手里的瓜突然不香了	759612	沸	2020-07-02T00:47:46.872771
5	伊能静	759371	沸	2020-07-02T00:47:46.872958
6	林湘自杀	758621	沸	2020-07-02T00:47:46.873111
7	老干妈的商标	556328	沸	2020-07-02T00:47:46.873257
8	湖北省无症状感染者清零	268551		2020-07-02T00:47:46.873400
9	李沁黑衣造型	242678		2020-07-02T00:47:46.873516
10	中方宣布对美反制措施	218758		2020-07-02T00:47:46.873632
11	林默予去世	211432	热	2020-07-02T00:47:46.873747
12	莫向晚莫北副驾吻	193150		2020-07-02T00:47:46.873890
13	民警嘶吼50分钟喊村民起床	182533		2020-07-02T00:47:46.874005
14	女子打伤1岁儿子已立案	169231		2020-07-02T00:47:46.874121
15	锦绣南歌	167167		2020-07-02T00:47:46.874244
16	怪你过分美丽	165624		2020-07-02T00:47:46.874373
17	不要跟穿船袜的人握手	163319		2020-07-02T00:47:46.874499
18	腾讯回应被骗	161179	热	2020-07-02T00:47:46.874625
19	林书豪嘴角流血	158202		2020-07-02T00:47:46.874781
20	深圳南山法院回应腾讯老干妈纠纷	155913		2020-07-02T00:47:46.874905
21	罗风 范美	155306		2020-07-02T00:47:46.875029
22	从没有男生帮拎过行李	141315		2020-07-02T00:47:46.875154
23	照片的拍摄角度有多重要	126093		2020-07-02T00:47:46.875279
24	妈妈跟孩子说她有点累	101736		2020-07-02T00:47:46.875405
25	蒙古国确诊两例鼠疫病例	100292		2020-07-02T00:47:46.875528
26	中传艺考要求考生提交高中成绩单	98844		2020-07-02T00:47:46.875653
27	CNN女记者直播节目中被抢劫	90788		2020-07-02T00:47:46.875777
28	印度一家办婚礼致79人感染新冠	88959		2020-07-02T00:47:46.875902
29	海南免税iPhone便宜2500元	80712		2020-07-02T00:47:46.876044
30	港警已拘捕逾180人	75656		2020-07-02T00:47:46.876174
31	创造营时尚先生复古大片	74710		2020-07-02T00:47:46.876298
32	Mayumi直播	73842		2020-07-02T00:47:46.876423
33	马可波罗新皮肤	72133		2020-07-02T00:47:46.876545
34	短尾矮袋鼠把树叶吃出薯片的感觉	67405		2020-07-02T00:47:46.876669
35	香港	65310		2020-07-02T00:47:46.876795
36	支付宝	64970		2020-07-02T00:47:46.876921
37	律师称李子柒维权难度较大	60744		2020-07-02T00:47:46.877045
38	教室看书老爷爷收到网友寄的书	59781		2020-07-02T00:47:46.877169
39	易建联成为CBA常规赛得分王	55938		2020-07-02T00:47:46.877296
40	黄峥卸任拼多多CEO	52033		2020-07-02T00:47:46.877420
41	假如作业有饭圈	50282		2020-07-02T00:47:46.877544
42	疾控专家称无证据证明鱼类可感染新冠	48938		2020-07-02T00:47:46.877668
43	两男生吵架被老师罚牵手	45408		2020-07-02T00:47:46.877794
44	暮白首导演帮任嘉伦澄清	44601		2020-07-02T00:47:46.877919
45	乘风破浪的姐姐影视图鉴	44015		2020-07-02T00:47:46.878043
46	杜锋马布里握手	40973		2020-07-02T00:47:46.878167
47	腾讯中午的辣椒酱突然不香了	40470		2020-07-02T00:47:46.878290
48	综艺鬼屋名场面大赏	40162		2020-07-02T00:47:46.878415
49	新周刊专访THE9	39184		2020-07-02T00:47:46.878539
50	3人伪造老干妈印章与腾讯签合同	37980		2020-07-02T00:47:46.878663
