排名	关键词	热度	特征	时间
1	周扬青 P照片是网红的基本职业素养	3527285	热	2020-05-17T14:36:58.426925
2	张伯礼称一年内口罩还是摘不掉	2599656	新	2020-05-17T14:36:58.427112
3	中国移动20周年感恩回馈	2331580	荐	2020-05-17T14:36:58.427278
4	吴宣仪辟谣拼车赶活动	2276672		2020-05-17T14:36:58.427439
5	李佳琦逛街遇到许光汉	1987958	热	2020-05-17T14:36:58.427568
6	头盔涨价	1888844	新	2020-05-17T14:36:58.427721
7	易烊千玺眉心痣	1741327	新	2020-05-17T14:36:58.427873
8	以色列大使	756991	沸	2020-05-17T14:36:58.428024
9	美国洛杉矶市中心突发爆炸	661884		2020-05-17T14:36:58.428191
10	钟南山称中国尚未建立起新冠免疫	646887		2020-05-17T14:36:58.428320
11	野餐时突然要交作业	620704		2020-05-17T14:36:58.428449
12	武汉网红窗帘将被湖北省博物馆收藏	609464	热	2020-05-17T14:36:58.428570
13	给黄瓜挤奶	592691		2020-05-17T14:36:58.428722
14	低风险地区是否还要全天戴口罩	584390		2020-05-17T14:36:58.428844
15	绿地集团回应高管被实名举报	566584		2020-05-17T14:36:58.428966
16	李光洁当爸	563064	热	2020-05-17T14:36:58.429089
17	薇娅直播	548504	新	2020-05-17T14:36:58.429240
18	杀破狼	540811	新	2020-05-17T14:36:58.429391
19	新冠疫情催涨日本儿童虐待案	527527	新	2020-05-17T14:36:58.429542
20	千万不要去抱健美选手	494286	新	2020-05-17T14:36:58.429692
21	吴亦凡黄子韬 一物降一物	443412		2020-05-17T14:36:58.429843
22	深圳居民收入跟不上房价涨幅	416891	新	2020-05-17T14:36:58.429964
23	中央对最后52个贫困县挂牌督战	386091	新	2020-05-17T14:36:58.430115
24	私信爱豆被翻牌的经历	331952		2020-05-17T14:36:58.430267
25	小饭桶 大头	330774		2020-05-17T14:36:58.430388
26	邓伦王子装	324661		2020-05-17T14:36:58.430511
27	男朋友有多贴心	313936	新	2020-05-17T14:36:58.430632
28	壁虎最委屈的死法	271770		2020-05-17T14:36:58.430783
29	商务部回应美国对华为出口管制新规	256466		2020-05-17T14:36:58.430904
30	最适合夏天用的壁纸	254444		2020-05-17T14:36:58.431025
31	武汉小区给居民做核酸检测的场景	248474	新	2020-05-17T14:36:58.431144
32	适合520发朋友圈的文案	242003		2020-05-17T14:36:58.431296
33	火箭少女婚纱闺蜜照	236095		2020-05-17T14:36:58.431418
34	美国1月11日前研发新冠疫苗毒株哪来的	224614		2020-05-17T14:36:58.431538
35	中国最冷小镇夏日冰河	217867		2020-05-17T14:36:58.431659
36	美的冰箱的微博评论	198837		2020-05-17T14:36:58.431778
37	北京百花山五月飘雪	195457	新	2020-05-17T14:36:58.431899
38	李现粉丝抵制代拍	150265		2020-05-17T14:36:58.432051
39	马保国被KO	142203		2020-05-17T14:36:58.432184
40	日本三重县的花火大会	139085	新	2020-05-17T14:36:58.432303
41	什么时候能用上新冠疫苗	127226	新	2020-05-17T14:36:58.432411
42	听过三观极正的一句话	126175		2020-05-17T14:36:58.432518
43	赵粤长发造型	125397		2020-05-17T14:36:58.432602
44	婧的群像	102052		2020-05-17T14:36:58.432684
45	美德最大连锁百货接连申请破产	101644	新	2020-05-17T14:36:58.432768
46	广州天气	97740	新	2020-05-17T14:36:58.432873
47	感动中国	94836	新	2020-05-17T14:36:58.432981
48	王者荣耀规定未成年人每天限玩1.5小时	94589		2020-05-17T14:36:58.433095
49	聋人本科生创业研发翻译软件	93981		2020-05-17T14:36:58.433186
50	黑龙江现有病例全部治愈出院	73886		2020-05-17T14:36:58.433277
