排名	关键词	热度	特征	时间
1	papi酱置顶	3905006	热	2020-05-11T09:58:36.899289
2	大衣哥回应叫停围观新规	1401365	新	2020-05-11T09:58:36.899422
3	阿玛尼调色大师	1397504	荐	2020-05-11T09:58:36.899535
4	岳云鹏把壁纸换成张钧甯名字	1397504		2020-05-11T09:58:36.899647
5	有钱人的房子	1388990	沸	2020-05-11T09:58:36.899747
6	舒兰市全面进入战时状态	905105		2020-05-11T09:58:36.899856
7	希林娜依高主题曲直拍	903878	沸	2020-05-11T09:58:36.899942
8	加纳1人传染533名工厂同事	897479	新	2020-05-11T09:58:36.900056
9	多所高校明确期末考核可线上进行	895918	新	2020-05-11T09:58:36.900192
10	张艺凡直拍	890759		2020-05-11T09:58:36.900316
11	杨紫点赞肖战微博	884501	沸	2020-05-11T09:58:36.900419
12	创造营直拍	880760		2020-05-11T09:58:36.900536
13	有快递员一周自掏50元丰巢寄存费	878624	热	2020-05-11T09:58:36.900630
14	丰巢高管称不会放弃超时收费	871701		2020-05-11T09:58:36.900746
15	西安苏福记被吊销餐厅经营许可证	870564		2020-05-11T09:58:36.900842
16	5G消息APP上线仅一天下架	862335		2020-05-11T09:58:36.900935
17	赵丽颖冯绍峰牵手逛街	861944	新	2020-05-11T09:58:36.901030
18	我与孕妇只差一条碎花裙	856304	新	2020-05-11T09:58:36.901147
19	五月病症状	853521	新	2020-05-11T09:58:36.901264
20	男子22年前奸杀13岁女孩被抓	835063		2020-05-11T09:58:36.901380
21	papi酱	730360	热	2020-05-11T09:58:36.901474
22	金靖青春制作人本人	630246		2020-05-11T09:58:36.901590
23	王艺瑾 甜	616747		2020-05-11T09:58:36.901683
24	警方通报9岁女孩被杀害	524206	新	2020-05-11T09:58:36.901776
25	业内曝部分明星片酬下降假象	523442		2020-05-11T09:58:36.901893
26	随手丢烟头烧了6辆公交车	518917		2020-05-11T09:58:36.901987
27	和胖子谈恋爱的好处	508534	新	2020-05-11T09:58:36.902080
28	陕西省委原书记赵正永受贿案一审开庭	472480	新	2020-05-11T09:58:36.902197
29	我在减肥饭不用太多	471996	新	2020-05-11T09:58:36.902313
30	比亚迪	471838	新	2020-05-11T09:58:36.902429
31	买了皮肤的萨摩耶	445694		2020-05-11T09:58:36.902545
32	2岁小女孩做意大利煎蛋	339466		2020-05-11T09:58:36.902638
33	李现人生若如初见	338463		2020-05-11T09:58:36.902730
34	特朗普经济顾问称在白宫办公有风险	313214		2020-05-11T09:58:36.902822
35	78岁老汉被接走住进妇产医院	299885	新	2020-05-11T09:58:36.902915
36	自带港风滤镜的明星	296766	新	2020-05-11T09:58:36.903031
37	李易峰狗啃刘海	296482		2020-05-11T09:58:36.903145
38	北大光华建议发9000亿现金券消费券	265235	新	2020-05-11T09:58:36.903241
39	不催婚的父母内心有多强大	233954	新	2020-05-11T09:58:36.903359
40	寄宿学生最喜欢的天气	228416	新	2020-05-11T09:58:36.903476
41	特斯拉美国工厂仿照上海模式复工	227632	新	2020-05-11T09:58:36.903593
42	低年级小学生开学找不到教室	198072	新	2020-05-11T09:58:36.903710
43	咸蛋黄奶酪冰淇淋	186990	新	2020-05-11T09:58:36.903828
44	棒棒糖仙女吐司卷	185137	新	2020-05-11T09:58:36.903945
45	民航总医院杀医案入选最高法典型案例	185074	新	2020-05-11T09:58:36.904062
46	淡黄的爆浆荷包蛋挞	185029	新	2020-05-11T09:58:36.904188
47	奈良梅花鹿因饥饿出走	181238		2020-05-11T09:58:36.904310
48	舒兰市为国内唯一高风险地区	155618		2020-05-11T09:58:36.904403
49	丰巢高管回应快递柜超时收费	105833	新	2020-05-11T09:58:36.904496
50	姜贞羽主题曲直拍	96762		2020-05-11T09:58:36.904613
