排名	关键词	热度	特征	时间
1	伊能静黄圣依张萌 后妈茶话会	1641862	热	2020-07-10T18:58:35.578432
2	江苏句容出现1例登革热病例	772622	新	2020-07-10T18:58:35.578508
3	向往的生活	675580		2020-07-10T18:58:35.578570
4	微博管理员回应晨小晨事件	664671	新	2020-07-10T18:58:35.578622
5	窦骁	659439	热	2020-07-10T18:58:35.578681
6	陈立农14天隔离日记	641761	荐	2020-07-10T18:58:35.578745
7	宝蓝好稳	635222	新	2020-07-10T18:58:35.578810
8	香港青年质问美国为何如此双标	519312		2020-07-10T18:58:35.578883
9	特朗普首次承诺戴口罩	495890		2020-07-10T18:58:35.578929
10	吴尊友说此次疫情应对要感谢西城大爷	492218	新	2020-07-10T18:58:35.578977
11	张雨绮组第一	491081		2020-07-10T18:58:35.579034
12	什刹海	487492		2020-07-10T18:58:35.579080
13	黄明睿淘汰	383674	新	2020-07-10T18:58:35.579137
14	炙热的我们	347281		2020-07-10T18:58:35.579198
15	认出了好朋友的小羊	337630		2020-07-10T18:58:35.579247
16	容婳流产	332861		2020-07-10T18:58:35.579294
17	郑乃馨道歉	332137		2020-07-10T18:58:35.579342
18	近百留学生网购回国机票被骗	311666	新	2020-07-10T18:58:35.579390
19	全聚德上半年预亏至少1.39亿元	309097	新	2020-07-10T18:58:35.579451
20	奈何boss又如何	291212		2020-07-10T18:58:35.579512
21	程潇微博改名	280012	热	2020-07-10T18:58:35.579560
22	少年之名	279699		2020-07-10T18:58:35.579623
23	香港新增32例本地病例	263846	新	2020-07-10T18:58:35.579677
24	高三老师签永久假条学生喊不同意	251857		2020-07-10T18:58:35.579745
25	奔跑吧	224184		2020-07-10T18:58:35.579799
26	阿朵经纪人发文	223597	热	2020-07-10T18:58:35.579852
27	丁程鑫跳无价之姐	218549		2020-07-10T18:58:35.579919
28	科比ins转为缅怀账户	206206		2020-07-10T18:58:35.579973
29	妈妈变身汤姆猫迎接高考儿子	196604		2020-07-10T18:58:35.580039
30	路上遇到熟人的尴尬	187455		2020-07-10T18:58:35.580095
31	宁静把郑希怡脸亲黑了	187204		2020-07-10T18:58:35.580149
32	angelababy双马尾自拍	187123		2020-07-10T18:58:35.580202
33	赌王何鸿燊出殡	186828		2020-07-10T18:58:35.580255
34	赵立坚称美方在揣着明白装糊涂	173155	新	2020-07-10T18:58:35.580308
35	中央储备冻猪肉累计投放43万吨	160130		2020-07-10T18:58:35.580374
36	万茜造型	157966		2020-07-10T18:58:35.580428
37	张萌的海豚音好励志	156854		2020-07-10T18:58:35.580482
38	无印良品美国子公司申请破产保护	155691		2020-07-10T18:58:35.580535
39	乘风破浪的姐姐二公	149824		2020-07-10T18:58:35.580589
40	腾讯老干妈和解	148241		2020-07-10T18:58:35.580642
41	吴昕一字马	146126		2020-07-10T18:58:35.580695
42	医学生打游戏的优势	143808		2020-07-10T18:58:35.580747
43	本科生带老婆孩子拍毕业照	143437		2020-07-10T18:58:35.580800
44	香港踩踏焚烧国旗男子改判入狱5周	143271		2020-07-10T18:58:35.580853
45	韩警方排除首尔市长身亡他杀嫌疑	142628		2020-07-10T18:58:35.580906
46	最强大脑	136159		2020-07-10T18:58:35.580960
47	Puff寒冰	131742		2020-07-10T18:58:35.581013
48	日本举办可以偷的艺术展	118518		2020-07-10T18:58:35.581066
49	上海法院受理王振华上诉一案	71632		2020-07-10T18:58:35.581118
50	iG战胜ES	70995	新	2020-07-10T18:58:35.581171
