排名	关键词	热度	特征	时间
1	黄圣依看伊能静的表情	475702	沸	2020-07-03T20:54:38.192055
2	幼儿园老师带176名孩子17秒撤离	398636		2020-07-03T20:54:38.192200
3	冲浪吧姐姐	385852	荐	2020-07-03T20:54:38.192305
4	奔跑吧这期主题真的好	361034	沸	2020-07-03T20:54:38.192429
5	蓝盈莹好胜心	334098	沸	2020-07-03T20:54:38.192551
6	孟佳组太惨了	214419		2020-07-03T20:54:38.192670
7	向往的生活	177241		2020-07-03T20:54:38.192764
8	当当网男员工变性以旷工被解雇	176378		2020-07-03T20:54:38.192860
9	奔跑吧	148118		2020-07-03T20:54:38.192957
10	港独头目罗冠聪承认逃离香港	144010		2020-07-03T20:54:38.193051
11	拍一拍	141058		2020-07-03T20:54:38.193146
12	宁静练舞吃速效救心丸	132828		2020-07-03T20:54:38.193239
13	炙热的我们	118836		2020-07-03T20:54:38.193332
14	姚明为钟南山赠送球衣	107436		2020-07-03T20:54:38.193427
15	巴基斯坦外交部长感染新冠病毒	93751		2020-07-03T20:54:38.193521
16	乘风破浪的姐姐	92782		2020-07-03T20:54:38.193615
17	李晨最后哭了	92764	新	2020-07-03T20:54:38.193709
18	李子柒被写入小学语文考卷	92710		2020-07-03T20:54:38.193828
19	小顾 胡苹果	92650		2020-07-03T20:54:38.193923
20	少年之名	92564		2020-07-03T20:54:38.194018
21	为何图书馆不能穿拖鞋	92550	新	2020-07-03T20:54:38.194112
22	喻恩泰	92448		2020-07-03T20:54:38.194231
23	越南24K纯金酒店开业	92438		2020-07-03T20:54:38.194323
24	为什么公章在中国如此重要	92383		2020-07-03T20:54:38.194418
25	不建议给狗吃红心火龙果	92293		2020-07-03T20:54:38.194512
26	物理老师都是行为艺术家	86809	新	2020-07-03T20:54:38.194607
27	王嘉尔脱郭麒麟鞋子	82971		2020-07-03T20:54:38.194724
28	阿朵袁咏琳友情	82816		2020-07-03T20:54:38.194816
29	CBA	78212		2020-07-03T20:54:38.194909
30	特朗普称美国经济正在强劲恢复	75823		2020-07-03T20:54:38.195000
31	锦绣南歌	75640		2020-07-03T20:54:38.195094
32	李紫婷高音	74515		2020-07-03T20:54:38.195186
33	左林杰素人初C	72052		2020-07-03T20:54:38.195276
34	暮白首	67958		2020-07-03T20:54:38.195369
35	外交部欢迎各国企业继续在香港发展	65399		2020-07-03T20:54:38.195461
36	闪耀暖暖 小樱	63963		2020-07-03T20:54:38.195556
37	普普黑白大片	63765		2020-07-03T20:54:38.195650
38	张萌海豚音	62860		2020-07-03T20:54:38.195743
39	经济学家警告日本中产正在消失	55255		2020-07-03T20:54:38.195835
40	我在颐和园等你	54411		2020-07-03T20:54:38.195929
41	当代年轻人有多能喝酒	53581		2020-07-03T20:54:38.196033
42	马嘉祺唱歌	51271		2020-07-03T20:54:38.196129
43	万茜喜爱度排名第一	46908		2020-07-03T20:54:38.196218
44	最强大脑取消国际赛	41819		2020-07-03T20:54:38.196307
45	涂防晒霜有多重要	39921		2020-07-03T20:54:38.196394
46	假如乘风破浪的姐姐去爬山	39701		2020-07-03T20:54:38.196478
47	鸳鸯锅的多种用途	39463		2020-07-03T20:54:38.196564
48	男孩吃饭被偷拍秒变优雅	38828		2020-07-03T20:54:38.196649
49	莫迪	33486		2020-07-03T20:54:38.196732
50	公职人员工作时间发朋友圈被诫勉	31354		2020-07-03T20:54:38.196817
