排名	关键词	热度	特征	时间
1	微信	5773962	沸	2020-08-07T07:48:43.068346
2	韩国取消湖北人员入境及签证限制	2491802	新	2020-08-07T07:48:43.068481
3	笑8笑8云上盛典	2380203	荐	2020-08-07T07:48:43.068597
4	印度再禁15款中国APP	1561804	新	2020-08-07T07:48:43.068709
5	腾讯暴跌市值蒸发5000亿港元	1485771	新	2020-08-07T07:48:43.068819
6	都选C	1468046	荐	2020-08-07T07:48:43.068927
7	奥巴马夫人自曝患抑郁症	1387295	热	2020-08-07T07:48:43.069036
8	乘风破浪四公新裤子合作舞台	1339920	新	2020-08-07T07:48:43.069142
9	顾佳在浴缸里痛哭	1048838		2020-08-07T07:48:43.069251
10	南京被害女大学生家属抵达云南	750197		2020-08-07T07:48:43.069338
11	漫画博主向美团饿了么致歉	727957	新	2020-08-07T07:48:43.069425
12	记者问王子异为什么要拜我	699360		2020-08-07T07:48:43.069532
13	扎克伯格成全球第三大富豪	685871		2020-08-07T07:48:43.069617
14	患儿家属谈70万天价药	621873	新	2020-08-07T07:48:43.069702
15	收到录取通知书的表情	617452	新	2020-08-07T07:48:43.069811
16	陈坤晴明造型	613911		2020-08-07T07:48:43.069925
17	宋小女眼睛里的光	590280		2020-08-07T07:48:43.070023
18	女生酒后蛇形骑车被亲哥举报	557827	新	2020-08-07T07:48:43.070117
19	微博处理违规自媒体账号超十万个	524629	新	2020-08-07T07:48:43.070236
20	美国取消全球旅行警告	514489	热	2020-08-07T07:48:43.070357
21	1917	485331		2020-08-07T07:48:43.070473
22	流金岁月剧照	480582		2020-08-07T07:48:43.070566
23	粉丝机场送宁静哪吒套装	404049		2020-08-07T07:48:43.070661
24	小米回应被印度禁用	382373		2020-08-07T07:48:43.070755
25	黎巴嫩冻结7名贝鲁特港官员账户	368394		2020-08-07T07:48:43.070847
26	立秋	366156		2020-08-07T07:48:43.070941
27	误入武汉大连小伙客串在一起	355545	热	2020-08-07T07:48:43.071034
28	吴春红女儿称将申请复议	324624	新	2020-08-07T07:48:43.071152
29	A股	306071		2020-08-07T07:48:43.071270
30	联合国将向黎巴嫩拨出900万美元	285163		2020-08-07T07:48:43.071365
31	我和我的家乡阵容	282234		2020-08-07T07:48:43.071459
32	日本漱口液遭疯抢	260069	新	2020-08-07T07:48:43.071552
33	黄河发生2020年第3号洪水	255171	新	2020-08-07T07:48:43.071669
34	湖北A级景区对全国游客免门票	242859		2020-08-07T07:48:43.071788
35	阴阳师侍神令预告	215519	新	2020-08-07T07:48:43.071881
36	75岁乌干达总统连做40个俯卧撑	212462	新	2020-08-07T07:48:43.071999
37	张嘉译改名张嘉益	206130		2020-08-07T07:48:43.072133
38	司凤璇玑好甜	191524		2020-08-07T07:48:43.072226
39	贵阳背肉汉回应背480斤猪肉	180328		2020-08-07T07:48:43.072319
40	李宇春加盟说唱新世代	168516		2020-08-07T07:48:43.072413
41	霍格沃茨萌版院徽	162852		2020-08-07T07:48:43.072507
42	676分留守女生北大班主任发声	154282		2020-08-07T07:48:43.072599
43	四大行回应薪酬问题	144340		2020-08-07T07:48:43.072692
44	人社部支持发展特色小店	129762	新	2020-08-07T07:48:43.072787
45	犬夜叉续作动画预告	129388	新	2020-08-07T07:48:43.072904
46	被逼婚少女中考超录取线百分	129150	新	2020-08-07T07:48:43.073022
47	火箭大胜湖人	128351	新	2020-08-07T07:48:43.073140
48	中美两国国防部长通电话	127817		2020-08-07T07:48:43.073258
49	二十不惑	127107		2020-08-07T07:48:43.073350
50	奚梦瑶复工	126791		2020-08-07T07:48:43.073443
