排名	关键词	热度	特征	时间
1	白雪否认与张一山复合	4075601	热	2020-08-06T10:41:51.029135
2	浙江永康一干部为转移受灾群众牺牲	3220555	新	2020-08-06T10:41:51.029280
3	这世界值得放手一信	2922955	荐	2020-08-06T10:41:51.029411
4	蔡徐坤MV 章若楠	2724554	新	2020-08-06T10:41:51.029536
5	粉丝当鹿晗群演时的表情	1549986	新	2020-08-06T10:41:51.029657
6	琉璃开播	1146722	荐	2020-08-06T10:41:51.029777
7	SK辞职	1111655	新	2020-08-06T10:41:51.029896
8	清华大学立体二校门录取通知书	1083624		2020-08-06T10:41:51.030015
9	医保局回应一针药卖70万	1082349		2020-08-06T10:41:51.030113
10	外交部回应驻日美军成防疫体系漏洞	1081358		2020-08-06T10:41:51.030209
11	南京遇害女生父亲再发声	1081135		2020-08-06T10:41:51.030306
12	林有有许幻山手机备注	957074	热	2020-08-06T10:41:51.030403
13	张玉环前妻称他还欠我一个抱	718042	新	2020-08-06T10:41:51.030521
14	李健回归中国好声音	613044		2020-08-06T10:41:51.030640
15	黎政府宣布贝鲁特进入紧急状态	611984		2020-08-06T10:41:51.030734
16	优酷爱奇艺因违法违规被处罚	609196	新	2020-08-06T10:41:51.030827
17	大连回应隔离人员解除隔离后又被召回	603118		2020-08-06T10:41:51.030946
18	赵丽颖 幸福到万家	602770	新	2020-08-06T10:41:51.031043
19	金价再破历史纪录	596750		2020-08-06T10:41:51.031162
20	小伙三年为女友种出半亩荷塘	594971		2020-08-06T10:41:51.031256
21	小妇人定档	591088	新	2020-08-06T10:41:51.031352
22	以家人之名预告	589716	新	2020-08-06T10:41:51.031472
23	李飞	570614		2020-08-06T10:41:51.031591
24	糯糯麻糍油条	467341	新	2020-08-06T10:41:51.031685
25	美国报告多起喝洗手液致死事件	412928		2020-08-06T10:41:51.031804
26	从幸福到灾难只需要一瞬间	393318	新	2020-08-06T10:41:51.031900
27	王一博粉丝庆生大赏	391987		2020-08-06T10:41:51.032032
28	THE9男士健康封面预告	386865	新	2020-08-06T10:41:51.032131
29	优酷年度发布会	373296	新	2020-08-06T10:41:51.032252
30	贝索斯套现逾14亿美元	351578	新	2020-08-06T10:41:51.032371
31	张玉环谈回家后的生活	350283		2020-08-06T10:41:51.032489
32	刘昊然裸色西装	346621	新	2020-08-06T10:41:51.032586
33	TFBOYS新歌	344741		2020-08-06T10:41:51.032707
34	中信证券	340121	新	2020-08-06T10:41:51.032800
35	福奇称家人遭受死亡威胁	316905		2020-08-06T10:41:51.032918
36	第一炉香剧照	316125		2020-08-06T10:41:51.033014
37	神农架再添一只雄性金丝猴宝宝	284740		2020-08-06T10:41:51.033107
38	券商	259767	新	2020-08-06T10:41:51.033202
39	我喜欢你预告	258299		2020-08-06T10:41:51.033318
40	美国平均每80秒就有1人因新冠死亡	249154	新	2020-08-06T10:41:51.033414
41	高校通知书出校徽盲盒	244174		2020-08-06T10:41:51.033533
42	一见倾心阵容	225232		2020-08-06T10:41:51.033626
43	基金	188264		2020-08-06T10:41:51.033721
44	湖南天才少女回应华为百万年薪	181745		2020-08-06T10:41:51.033815
45	为了集赞有多拼	176192	新	2020-08-06T10:41:51.033908
46	落花时节片花	174399	新	2020-08-06T10:41:51.034026
47	钟晓芹陈屿许子言像一家三口	173261		2020-08-06T10:41:51.034144
48	药企回应一针药卖70万	172772	新	2020-08-06T10:41:51.034239
49	宁吉喆说下半年最大挑战是稳就业	172668		2020-08-06T10:41:51.034357
50	水上列车驶过天空之镜	172630	新	2020-08-06T10:41:51.034452
