排名	关键词	热度	特征	时间
1	秦牛正威温柔	3507907	沸	2020-05-01T05:39:55.691810
2	以成绩胁迫女生发生关系老师被刑拘	2480937	新	2020-05-01T05:39:55.692034
3	木村拓哉木村光希为木村心美庆生	2301185	新	2020-05-01T05:39:55.692230
4	纪宝贝13岁了	2148457	新	2020-05-01T05:39:55.692405
5	梁岗	1733612	沸	2020-05-01T05:39:55.692554
6	鬼吹灯片头题字是潘粤明写的	1216199	沸	2020-05-01T05:39:55.692692
7	五一后9省份高校陆续开学	1055776		2020-05-01T05:39:55.692834
8	外交部 中方没有兴趣干预美国大选	1039623		2020-05-01T05:39:55.692959
9	女留学生不到一个月被骗500多万	1033041		2020-05-01T05:39:55.693083
10	戴燕妮 从头到尾没赢过	867875	热	2020-05-01T05:39:55.693208
11	回国留学生确诊住院行李被酒店销毁	639317		2020-05-01T05:39:55.693349
12	青春有你剪辑	541132		2020-05-01T05:39:55.693473
13	全国近70%旅游景区已有序开放	537277	新	2020-05-01T05:39:55.693592
14	五一劳动节	530389		2020-05-01T05:39:55.693732
15	郭涛道歉	521997	热	2020-05-01T05:39:55.693847
16	杨紫青簪行路透	509355	新	2020-05-01T05:39:55.693981
17	王者荣耀崩了	505722	新	2020-05-01T05:39:55.694119
18	上学时很火但消失了的品牌	496088		2020-05-01T05:39:55.694254
19	美国夫妇在动森上完婚	493125	新	2020-05-01T05:39:55.694374
20	曾可妮马甲线	482662	新	2020-05-01T05:39:55.694513
21	你身边长期不上班的人	477228		2020-05-01T05:39:55.694649
22	A50	456428		2020-05-01T05:39:55.694765
23	特斯拉降价	400715		2020-05-01T05:39:55.694873
24	央视五一特别节目嘉宾阵容	316772	新	2020-05-01T05:39:55.694986
25	李现GQ封面	315070	新	2020-05-01T05:39:55.695127
26	Ella表扬乃万	312831		2020-05-01T05:39:55.695263
27	适合五月发朋友圈的文案	306135		2020-05-01T05:39:55.695378
28	彭斯妻子称不知道诊所戴口罩规定	289018	新	2020-05-01T05:39:55.695497
29	五月	269475		2020-05-01T05:39:55.695642
30	美国新冠肺炎确诊超106万例	242652		2020-05-01T05:39:55.695756
31	你坐过最崩溃的一次火车	219795		2020-05-01T05:39:55.695874
32	陈粒 自然环境	213629		2020-05-01T05:39:55.695993
33	俄罗斯总理新冠病毒检测呈阳性	202957		2020-05-01T05:39:55.696108
34	古生物学家发现中生代新物种	201454	新	2020-05-01T05:39:55.696240
35	CDC成都集团	191256		2020-05-01T05:39:55.696384
36	黑龙江新增5例本土病例	185046		2020-05-01T05:39:55.696501
37	青春有你	177101		2020-05-01T05:39:55.696618
38	巨型宝藏冰淇淋	168546		2020-05-01T05:39:55.696732
39	你见过最疯狂的追星行为	162301		2020-05-01T05:39:55.696845
40	五一补课周	155354		2020-05-01T05:39:55.696963
41	2020年已过去三分之一	142315		2020-05-01T05:39:55.697077
42	北京今起施行垃圾分类	137200	新	2020-05-01T05:39:55.697192
43	不擅长唱歌是什么体验	137079	新	2020-05-01T05:39:55.697330
44	五一假期首日的杭州西湖	137010	新	2020-05-01T05:39:55.697469
45	新冠时期的爱情	136887	新	2020-05-01T05:39:55.697608
46	国防部回应辽宁舰通过宫古海峡	136747		2020-05-01T05:39:55.697744
47	学生时代的快乐能有多简单	136541	新	2020-05-01T05:39:55.697866
48	我是唱作人	136460		2020-05-01T05:39:55.698006
49	故宫恢复开放	131172		2020-05-01T05:39:55.698121
50	学生致电教育局五一不放假遭硬核反问	128508		2020-05-01T05:39:55.698235
