排名	关键词	热度	特征	时间
1	李佳琦小助理转幕后做合伙人	1058196	沸	2020-05-06T19:36:58.198918
2	湖北首例新冠肺炎终末期患者肺移植手术	1009578		2020-05-06T19:36:58.199090
3	中国女排爱的水果	997959	荐	2020-05-06T19:36:58.199224
4	肖战视频专访	995745	沸	2020-05-06T19:36:58.199388
5	李易峰劝架	760541	沸	2020-05-06T19:36:58.199551
6	被活埋的瘫痪母亲生命体征平稳	523392	沸	2020-05-06T19:36:58.199709
7	关空调后像极了案发现场	254491		2020-05-06T19:36:58.199866
8	华春莹霸气回应有人想借疫情打击中国	238804		2020-05-06T19:36:58.199996
9	武汉高三学生这样吃午餐	231253		2020-05-06T19:36:58.200122
10	韩国比赛因疫情设假人观众	199357		2020-05-06T19:36:58.200263
11	史上最热心的房东	194456		2020-05-06T19:36:58.200390
12	马思纯祝贺周冬雨	189830	热	2020-05-06T19:36:58.200516
13	虎门大桥最新检测情况	169779		2020-05-06T19:36:58.200660
14	金像奖	154013		2020-05-06T19:36:58.200742
15	宋仁宗称怀吉是知己	150178		2020-05-06T19:36:58.200825
16	杭州5天发生11起汽车自燃	150154		2020-05-06T19:36:58.200905
17	郑秀文回应金像奖陪跑	150078	新	2020-05-06T19:36:58.200985
18	老人忘带钥匙用绳索从6楼吊孙子开门	149995		2020-05-06T19:36:58.201083
19	大唐明月阵容	149900	新	2020-05-06T19:36:58.201165
20	小学生世界名画仿拍秀	149830		2020-05-06T19:36:58.201265
21	货拉拉回应搬家司机坐地起价	149749	新	2020-05-06T19:36:58.201343
22	中信银行回应池子投诉	149724		2020-05-06T19:36:58.201447
23	戴耳机玩手机游戏导致失聪	149675		2020-05-06T19:36:58.201535
24	男子疑活埋瘫痪母亲	139068		2020-05-06T19:36:58.201623
25	来重庆荡秋千吗	138367		2020-05-06T19:36:58.201711
26	伊朗宣布1万旧币换1新币	116809		2020-05-06T19:36:58.201801
27	黄晓明 小明历险记	116084		2020-05-06T19:36:58.201890
28	外卖小哥护送医生回医院救人	111009		2020-05-06T19:36:58.201976
29	重庆酒店的床头礼物	105687		2020-05-06T19:36:58.202064
30	中央要求提升疫情监测预警能力	104451		2020-05-06T19:36:58.202151
31	当遥控器突然失灵时	103994	新	2020-05-06T19:36:58.202237
32	小鹿的可爱叫声	103524		2020-05-06T19:36:58.202345
33	多地明确520和521婚姻登记需预约	101719		2020-05-06T19:36:58.202434
34	92岁外婆带83岁奶奶摸河蚌	96443		2020-05-06T19:36:58.202522
35	华春莹奉劝美国有些人别入戏太深	93116		2020-05-06T19:36:58.202608
36	你现在仍保留的孩子气行为	92527		2020-05-06T19:36:58.202695
37	印尼班达海7.2级地震	84936		2020-05-06T19:36:58.202782
38	郑秀文陪跑	81941		2020-05-06T19:36:58.202868
39	全国老师统一的口头禅	81571		2020-05-06T19:36:58.202955
40	官方回应洒水车驱逐赶集人群	75635		2020-05-06T19:36:58.203043
41	敦煌沙漠深处迎万只水鸟	70990		2020-05-06T19:36:58.203130
42	SM慈善公演延期	69121		2020-05-06T19:36:58.203216
43	徽柔听曹评唱歌	67280		2020-05-06T19:36:58.203302
44	易烊千玺金像奖最佳新演员	66796		2020-05-06T19:36:58.203389
45	带一车纸尿裤支援武汉的医生回家了	66142		2020-05-06T19:36:58.203475
46	糖果色美甲	61355		2020-05-06T19:36:58.203561
47	武汉商场再现百米购物长队	59566		2020-05-06T19:36:58.203648
48	周冬雨金像奖最佳女主角	54640		2020-05-06T19:36:58.203733
49	三星继承人李在镕道歉	53576		2020-05-06T19:36:58.203819
50	恋与制作人动画备案	41084		2020-05-06T19:36:58.203906
