排名	关键词	热度	特征	时间
1	尹正	3009600	沸	2020-09-20T13:47:44.733510
2	南师大回应一学生在宿舍死亡	1543077		2020-09-20T13:47:44.733620
3	央视镜头下的杨紫	1540311	沸	2020-09-20T13:47:44.733696
4	TFBOYS合体央视探班直播	1453703	新	2020-09-20T13:47:44.733788
5	我国九成以上成年人有牙周疾病	1379923	新	2020-09-20T13:47:44.733880
6	当代社畜养生有多拼	1247143	荐	2020-09-20T13:47:44.733971
7	台湾	747633	沸	2020-09-20T13:47:44.734059
8	第七次全国人口普查将于11月开启	736628	新	2020-09-20T13:47:44.734153
9	一建	447467		2020-09-20T13:47:44.734248
10	RNG GNR	436652	新	2020-09-20T13:47:44.734322
11	陈伟霆杨幂面具自拍	433005		2020-09-20T13:47:44.734415
12	1986年至2020年的天安门广场花坛	391707	新	2020-09-20T13:47:44.734492
13	重庆高空索道坠落女子已去世	385579		2020-09-20T13:47:44.734585
14	外卖小哥载交警一路猛追酒驾男	384764		2020-09-20T13:47:44.734658
15	徒步非洲感染新冠大学生回应质疑	339454		2020-09-20T13:47:44.734731
16	觉得画中人在一点点转过身来	325160		2020-09-20T13:47:44.734804
17	宿舍染发染成案发现场	322780	新	2020-09-20T13:47:44.734876
18	黄海南部海域将进行实弹射击	319472		2020-09-20T13:47:44.734968
19	陆军西北大漠实弹演练40发齐射	317081		2020-09-20T13:47:44.735040
20	肖战星推荐	313394	新	2020-09-20T13:47:44.735114
21	原来这就是言情小说脸	311321		2020-09-20T13:47:44.735205
22	岳云鹏自制借钱申请表	309075		2020-09-20T13:47:44.735280
23	超模黄金奶	303470		2020-09-20T13:47:44.735352
24	女生的手可以拿多少东西	300781	新	2020-09-20T13:47:44.735424
25	当吵架后发现男友是对的时	298389		2020-09-20T13:47:44.735515
26	王菊 女人化妆是为了自己	293196		2020-09-20T13:47:44.735587
27	王源谈App任意追踪侵犯隐私	290231	新	2020-09-20T13:47:44.735660
28	劳森被CBA终身禁赛	287109		2020-09-20T13:47:44.735751
29	特朗普将提名候选填补金斯伯格席位	286605		2020-09-20T13:47:44.735823
30	小朋友的作业有多好笑	283504	新	2020-09-20T13:47:44.735896
31	宋妍霏钻石口罩	280634		2020-09-20T13:47:44.735987
32	关晓彤复古玫瑰大片	276761		2020-09-20T13:47:44.736075
33	抓拍过最好笑的照片	238841	新	2020-09-20T13:47:44.736149
34	加拿大前总理特纳去世	235662		2020-09-20T13:47:44.736242
35	当鳄鱼遇上乌龟	234853		2020-09-20T13:47:44.736316
36	经纪人透露黄鸿升死因	228359		2020-09-20T13:47:44.736388
37	林雨申冰箱大片教程	222661		2020-09-20T13:47:44.736457
38	南师大	211379		2020-09-20T13:47:44.736526
39	沉默的真相	200158		2020-09-20T13:47:44.736599
40	新疆的秋天到底有多美	196844	新	2020-09-20T13:47:44.736671
41	王一博将参加珠海ZIC摩托车赛	190572		2020-09-20T13:47:44.736762
42	内娱组合群像	176423		2020-09-20T13:47:44.736834
43	影视剧中的励志台词	176226	新	2020-09-20T13:47:44.736906
44	央视中秋晚会完成录制	175619	新	2020-09-20T13:47:44.736995
45	铁人三项选手将奖牌让给对手	174388	新	2020-09-20T13:47:44.737086
46	各地月饼轻装上市	174032	新	2020-09-20T13:47:44.737176
47	天安门广场国庆花坛开始布置	173082		2020-09-20T13:47:44.737267
48	南大仙林十九栋	172513		2020-09-20T13:47:44.737340
49	游客坐车顶游览北京野生动物园	163602		2020-09-20T13:47:44.737412
50	横店群演收费标准由100升至120元	162937		2020-09-20T13:47:44.737485
