排名	关键词	热度	特征	时间
1	周震南 不是所有的猫都很温顺	1049282		2020-08-14T00:37:55.303037
2	中国专家发现阿尔茨海默病生物标志物	484184		2020-08-14T00:37:55.303163
3	什么神仙新考拉裤	458674	荐	2020-08-14T00:37:55.303271
4	冯绍峰 这两天减下来了没人拍了	356631	热	2020-08-14T00:37:55.303404
5	小红书崩了	355379		2020-08-14T00:37:55.303535
6	朴宰范	347158		2020-08-14T00:37:55.303636
7	猫主人回应高空坠猫砸晕老人	301895		2020-08-14T00:37:55.303737
8	天津一外籍人员在境外新冠检测阳性	269926		2020-08-14T00:37:55.303838
9	多家美国企业联手抵制特朗普封杀微信	246084		2020-08-14T00:37:55.303943
10	唐灿好可爱	241668		2020-08-14T00:37:55.304057
11	韩国多款婴儿哺乳枕被检出致癌物	206449		2020-08-14T00:37:55.304167
12	孟美岐甩飞假发片	194585	热	2020-08-14T00:37:55.304267
13	农民种出袁隆平钟南山稻田画	182861		2020-08-14T00:37:55.304391
14	鞍山警方30万悬赏刑案嫌疑人	177061		2020-08-14T00:37:55.304491
15	齐明月看凌霄的眼神	175437		2020-08-14T00:37:55.304590
16	贺子秋太难了	139356		2020-08-14T00:37:55.304689
17	夫妻闯义乌做直播带货半月赔5万	138976		2020-08-14T00:37:55.304791
18	美国手机近七成中国制造	138795		2020-08-14T00:37:55.304891
19	学生骑电动车闯红灯被撞飞负全责	136711		2020-08-14T00:37:55.304991
20	女游客接二连三推倒告示牌	131543		2020-08-14T00:37:55.305090
21	吴宣仪像极了考试的我	129844		2020-08-14T00:37:55.305190
22	小鬼背驾照考试题	127196		2020-08-14T00:37:55.305290
23	美国今年已有424家公司破产	120672		2020-08-14T00:37:55.305389
24	近7成受访美企对中国市场前景乐观	119109		2020-08-14T00:37:55.305489
25	武汉卫健委辟谣有患者新冠复阳	118103	新	2020-08-14T00:37:55.305590
26	朱一龙催更重启	116679		2020-08-14T00:37:55.305717
27	张含韵李佳琦直播	114536		2020-08-14T00:37:55.305818
28	司凤情人咒发作	110795		2020-08-14T00:37:55.305917
29	特朗普称哈里斯和拜登都是社会主义者	103443		2020-08-14T00:37:55.306018
30	白昊天真实身份	100954		2020-08-14T00:37:55.306118
31	鲍毓明发朋友圈称将开发布会	100092		2020-08-14T00:37:55.306219
32	迪士尼在逃生物	98691		2020-08-14T00:37:55.306319
33	杜锋	94096		2020-08-14T00:37:55.306418
34	鹿晗台词	90076		2020-08-14T00:37:55.306517
35	检察院提前介入山砀镇杀人案	83163		2020-08-14T00:37:55.306617
36	上海警方抓获29年前5死凶案嫌疑人	78200		2020-08-14T00:37:55.306718
37	新手驾到	76430		2020-08-14T00:37:55.306818
38	少女的真心是钻石	75758		2020-08-14T00:37:55.306917
39	程潇玻璃倒影	66605		2020-08-14T00:37:55.307016
40	阿里巴巴注册新公司京西	64867		2020-08-14T00:37:55.307115
41	神盾局特工第七季完结	63328		2020-08-14T00:37:55.307214
42	重启第一季大结局	62255		2020-08-14T00:37:55.307314
43	马布里毒奶	61937		2020-08-14T00:37:55.307414
44	狗妈妈冲进洪水救孩子	60343		2020-08-14T00:37:55.307514
45	飘飘人设	58871		2020-08-14T00:37:55.307615
46	辽宁队逆转广东队	57825		2020-08-14T00:37:55.307715
47	低风险地区中小学生校园内无需戴口罩	56011		2020-08-14T00:37:55.307815
48	肖枫劝许蔚自首	51167		2020-08-14T00:37:55.307914
49	中饭协发文倡议开发小份菜和套餐	44776		2020-08-14T00:37:55.308024
50	郭艾伦连得8分	44576		2020-08-14T00:37:55.308128
