排名	关键词	热度	特征	时间
1	李尖尖分手	3319915	新	2020-08-24T16:56:35.045040
2	贫困县7.1亿豪华中学喷泉凉亭被拆除	1857168		2020-08-24T16:56:35.045219
3	兰蔻邀你庆生趴	1853825	荐	2020-08-24T16:56:35.045345
4	凌霄 我这辈子都是你的人	1820022	新	2020-08-24T16:56:35.045493
5	宋丹丹退休	1728096	热	2020-08-24T16:56:35.045636
6	巴黎爆发大规模骚乱	1619949	新	2020-08-24T16:56:35.045777
7	黄之锋又向外媒卖惨	1454883	新	2020-08-24T16:56:35.045919
8	外交部回应特朗普称中美可以脱钩	1344633		2020-08-24T16:56:35.046059
9	iPhone12	1331795	沸	2020-08-24T16:56:35.046174
10	七夕青蛙	1327902	沸	2020-08-24T16:56:35.046318
11	李尖尖拒绝贺子秋	1259103	新	2020-08-24T16:56:35.046459
12	喻言方声明	948829		2020-08-24T16:56:35.046601
13	平台回应3岁女孩被喂到70斤做吃播	930522		2020-08-24T16:56:35.046713
14	牧民妈妈和儿子同高考被大学录取	755296		2020-08-24T16:56:35.046830
15	司凤是金赤鸟妖	716418	新	2020-08-24T16:56:35.046959
16	伊能静的语言艺术	661026		2020-08-24T16:56:35.047119
17	妹妹打针要换衣服哥哥被迫穿裙子	657695		2020-08-24T16:56:35.047245
18	CUBA	648411	新	2020-08-24T16:56:35.047369
19	蚂蚁集团董事调整	632263		2020-08-24T16:56:35.047524
20	杨紫被送七夕青蛙	627440	新	2020-08-24T16:56:35.047649
21	喻言被男子搂背	622230	热	2020-08-24T16:56:35.047805
22	美警察对黑人连开7枪	565374	新	2020-08-24T16:56:35.047961
23	台当局又对淘宝台湾动手	565001		2020-08-24T16:56:35.048147
24	康泰	564947		2020-08-24T16:56:35.048273
25	别去找女朋友了你的女朋友来了	564937	新	2020-08-24T16:56:35.048398
26	若玉疯了	541414	新	2020-08-24T16:56:35.048556
27	周迅回应参加综艺增多	516747		2020-08-24T16:56:35.048711
28	夫妻5年沙漠种出6000余亩树	503952	新	2020-08-24T16:56:35.048835
29	微博收购TS战队	498323		2020-08-24T16:56:35.048992
30	冯若航秒删	497937		2020-08-24T16:56:35.049114
31	公司让休产假员工手写销售心得	463571	新	2020-08-24T16:56:35.049237
32	许飞不敢正面刚	440078		2020-08-24T16:56:35.049391
33	警方通报女子陪儿子过生日后失联	403940		2020-08-24T16:56:35.049513
34	外交部回应TikTok起诉美国政府	379972		2020-08-24T16:56:35.049635
35	上海小区推出外来车辆亲情卡	375477		2020-08-24T16:56:35.049757
36	假如顾里生日来吃重庆小面	335059		2020-08-24T16:56:35.049881
37	王一博水蓝色印花衬衫	308082		2020-08-24T16:56:35.050005
38	杨超越白鹤造型	302786		2020-08-24T16:56:35.050128
39	且听凤鸣	288628	新	2020-08-24T16:56:35.050253
40	哈利波特伍德近照	233469		2020-08-24T16:56:35.050409
41	司凤为璇玑挡刀	232817	新	2020-08-24T16:56:35.050534
42	七夕布谷鸟	228232	新	2020-08-24T16:56:35.050690
43	张一什么时候离婚	228076	新	2020-08-24T16:56:35.050846
44	陕西抱摔儿子致死男子被批捕	223089	新	2020-08-24T16:56:35.051002
45	小妇人明天上映	220347	新	2020-08-24T16:56:35.051157
46	男生穿上制服有多帅	219851	新	2020-08-24T16:56:35.051314
47	三伏天终于过完了	215397		2020-08-24T16:56:35.051471
48	彩霞礼裙	214344		2020-08-24T16:56:35.051594
49	基金	209841		2020-08-24T16:56:35.051718
50	济南火烧云	209047		2020-08-24T16:56:35.051838
