排名	关键词	热度	特征	时间
1	何鸿燊去世	12577251	爆	2020-05-26T08:39:55.648081
2	建议父母持合格父母证上岗	8290248	沸	2020-05-26T08:39:55.648213
3	吴亦凡 摸脉杀	8251406	荐	2020-05-26T08:39:55.648322
4	SNH48直播背景音	8128406		2020-05-26T08:39:55.648429
5	奚梦瑶	8020189	新	2020-05-26T08:39:55.648513
6	时尚有你冲C位	6333674	荐	2020-05-26T08:39:55.648615
7	赌王家产	4004676	新	2020-05-26T08:39:55.648715
8	张沫凡 不知道怎么才能甄选人心	1083962	新	2020-05-26T08:39:55.648815
9	渤海发现一亿吨大油田	808015		2020-05-26T08:39:55.648922
10	驻香港部队司令员表态	711156		2020-05-26T08:39:55.649004
11	美女果然都是相似的	678692		2020-05-26T08:39:55.649084
12	赵露思演技	678420	沸	2020-05-26T08:39:55.649164
13	我可以亲你一下吗	676493	热	2020-05-26T08:39:55.649266
14	科学家重新发现被认为灭绝的枯鲁杜鹃	675122		2020-05-26T08:39:55.649366
15	网友吐槽湖南天空之镜景点	674651		2020-05-26T08:39:55.649447
16	非洲受新冠肺炎疫情影响最小	673210		2020-05-26T08:39:55.649527
17	厦门公布新增境外输入病例详情	671596		2020-05-26T08:39:55.649609
18	吴朋奉去世	670659	热	2020-05-26T08:39:55.649692
19	何鸿燊家族	669735	新	2020-05-26T08:39:55.649791
20	爱泼斯坦自杀后130人争相认父	669053		2020-05-26T08:39:55.649892
21	重庆巨响	667926	新	2020-05-26T08:39:55.649973
22	老爷爷排队给老婆买奶茶	569826		2020-05-26T08:39:55.650075
23	王一博短发	566932		2020-05-26T08:39:55.650155
24	人大代表回应建议禁止单身女性冻卵	463761		2020-05-26T08:39:55.650237
25	香港转机	418686		2020-05-26T08:39:55.650319
26	冰雨火	374692		2020-05-26T08:39:55.650412
27	演唱会自带风扇第一人	374241		2020-05-26T08:39:55.650504
28	鹿晗镂空V领西装	373767	新	2020-05-26T08:39:55.650594
29	Mayumi离队	370486		2020-05-26T08:39:55.650707
30	落花时节官宣	315834		2020-05-26T08:39:55.650796
31	前置镜头有多会骗人	302311		2020-05-26T08:39:55.650885
32	慢热的人谈恋爱是什么样的	240556		2020-05-26T08:39:55.650975
33	露腰穿搭大赛	238910		2020-05-26T08:39:55.651065
34	三个人的友谊该如何维持	204385		2020-05-26T08:39:55.651153
35	建议破除唯论文导向评价机制	200101		2020-05-26T08:39:55.651244
36	想结婚的人为什么越来越少	197226		2020-05-26T08:39:55.651334
37	异性缘很差是什么感觉	192186	新	2020-05-26T08:39:55.651422
38	香港警队将确保香港安全稳定	179463		2020-05-26T08:39:55.651534
39	重庆一号线	178277		2020-05-26T08:39:55.651624
40	赞比亚中国公民遇害案现场	169138		2020-05-26T08:39:55.651713
41	上海地铁	166464		2020-05-26T08:39:55.651801
42	梦洁股份跌停	163841		2020-05-26T08:39:55.651889
43	数字人民币正式推出尚无时间表	145475		2020-05-26T08:39:55.651977
44	Tianci离队	142411	新	2020-05-26T08:39:55.652082
45	传闻中的陈芊芊	138354		2020-05-26T08:39:55.652196
46	日晕	133167		2020-05-26T08:39:55.652285
47	珠峰测量登山队向海拔8300米进发	130867	新	2020-05-26T08:39:55.652375
48	月上重火片尾曲MV	129687		2020-05-26T08:39:55.652489
49	毕业生雨中合唱那些年	110366		2020-05-26T08:39:55.652579
50	1岁萌娃成小厨神	93290		2020-05-26T08:39:55.652667
