排名	关键词	热度	特征	时间
1	徐明朝给Yamy的一封信	4619537	沸	2020-07-21T16:44:48.609048
2	央视记者手机拍摄以色列空袭叙利亚	3461398	新	2020-07-21T16:44:48.609184
3	华晨宇的有机新生活	2708535	荐	2020-07-21T16:44:48.609299
4	顾佳原生家庭	2337721	新	2020-07-21T16:44:48.609411
5	迪士尼在逃公主出街	1663970	新	2020-07-21T16:44:48.609520
6	曾毅微博评论	1638769	热	2020-07-21T16:44:48.609630
7	梁爽为大宝打架	1424945		2020-07-21T16:44:48.609739
8	法国表态不会禁止华为在法投资5G	1311901		2020-07-21T16:44:48.609825
9	三十而已台词	1305419		2020-07-21T16:44:48.609915
10	王漫妮 社畜缩影	1047808	新	2020-07-21T16:44:48.610003
11	三十而已	854096		2020-07-21T16:44:48.610111
12	陈屿性格	795673	新	2020-07-21T16:44:48.610197
13	沙宝亮救人	659289	热	2020-07-21T16:44:48.610304
14	北京允许举办500人以下体育赛事活动	645179		2020-07-21T16:44:48.610408
15	金晨 我没有拿恋情炒作	638236	热	2020-07-21T16:44:48.610493
16	浙大通报努某某留校察看事件	610517		2020-07-21T16:44:48.610601
17	罗艳发现妈妈做小三	610123	新	2020-07-21T16:44:48.610695
18	Yamy头像	610082	热	2020-07-21T16:44:48.610818
19	医生抱患者1分钟跑下4层楼送急救	606702	新	2020-07-21T16:44:48.610936
20	张嘉倪为Yamy发声	582993	热	2020-07-21T16:44:48.611059
21	肖枫房子塌了	578201		2020-07-21T16:44:48.611178
22	特朗普自夸疫情发布会收视率超高	558641	新	2020-07-21T16:44:48.611273
23	重启	551808	新	2020-07-21T16:44:48.611391
24	吐司盒螺蛳粉	488882		2020-07-21T16:44:48.611510
25	郁可唯 飞鸟与鱼的距离	482815		2020-07-21T16:44:48.611604
26	吴镇宇直播	472093		2020-07-21T16:44:48.611700
27	全国十大最堵三甲医院	364670		2020-07-21T16:44:48.611797
28	穿越火线戒网中心	356423	新	2020-07-21T16:44:48.611891
29	广东高考7月23日放榜	305682		2020-07-21T16:44:48.612024
30	秦昊东升旅行社导游	305414		2020-07-21T16:44:48.612122
31	横滨流星感染新冠	287031		2020-07-21T16:44:48.612215
32	1小时开4张罚单民警被停职	282154		2020-07-21T16:44:48.612309
33	吴尊友称未来出现疫情是一种常态	267094		2020-07-21T16:44:48.612404
34	外交部回应英暂停与中国香港引渡条约	266139		2020-07-21T16:44:48.612499
35	令人极度舒适的人设	265974		2020-07-21T16:44:48.612594
36	王婷	262778		2020-07-21T16:44:48.612688
37	江西抗洪官兵收到山东姑娘跨省外卖	261209	新	2020-07-21T16:44:48.612781
38	中国重组新冠疫苗二期临床试验结果	244267		2020-07-21T16:44:48.612900
39	王漫妮我拥有的只是个饮水泵	230733		2020-07-21T16:44:48.612995
40	小偷行窃后逃跑公交司机跳窗追回	216553		2020-07-21T16:44:48.613090
41	出门遛狗忘记带狗了	200699		2020-07-21T16:44:48.613185
42	日本72岁孤独啃老族爷爷	173806		2020-07-21T16:44:48.613278
43	EDG战胜VG	169206	新	2020-07-21T16:44:48.613372
44	乘公共交通戴口罩旅行结束后及时弃用	169157	新	2020-07-21T16:44:48.613491
45	两公交司机马路中间占道递槟榔	169134	新	2020-07-21T16:44:48.613608
46	阴阳师	169128		2020-07-21T16:44:48.613726
47	职场PUA	168387		2020-07-21T16:44:48.613819
48	班主任代替学生离异父母出席活动	165053		2020-07-21T16:44:48.613913
49	基金	163448		2020-07-21T16:44:48.614008
50	毕业生可将户口档案在学校保留两年	162565		2020-07-21T16:44:48.614100
