排名	关键词	热度	特征	时间
1	三十而已	366591		2020-07-26T21:56:36.302917
2	央视曝光新闻App登假货广告	247875		2020-07-26T21:56:36.303029
3	虞书欣安崎向岳云鹏认错	171052	热	2020-07-26T21:56:36.303124
4	王祖蓝给周杰伦刷了700个穿云箭	164488	热	2020-07-26T21:56:36.303238
5	邓伦 我会做他们一辈子的好弟弟	130082		2020-07-26T21:56:36.303348
6	奔跑吧花絮彩蛋	124915	荐	2020-07-26T21:56:36.303435
7	Rookie 小钰	97785		2020-07-26T21:56:36.303545
8	极限挑战收官	91075	沸	2020-07-26T21:56:36.303632
9	山东分数线	70679	沸	2020-07-26T21:56:36.303741
10	俄罗斯海军节水上阅兵	67133		2020-07-26T21:56:36.303852
11	微信停止服务印度用户	64247	热	2020-07-26T21:56:36.303946
12	安全裤	63908	热	2020-07-26T21:56:36.304068
13	何猷启已离婚	63488	热	2020-07-26T21:56:36.304177
14	教练你还是骂我吧	62851		2020-07-26T21:56:36.304284
15	女明星毫无偶像包袱的瞬间	49495		2020-07-26T21:56:36.304368
16	李佳琦直播	39918		2020-07-26T21:56:36.304454
17	喻言是来参加跑步比赛的	39895		2020-07-26T21:56:36.304539
18	段振宇告白姜小果	39392		2020-07-26T21:56:36.304626
19	369	38525		2020-07-26T21:56:36.304709
20	录3年求婚视频男主回应	38240		2020-07-26T21:56:36.304793
21	国安	38037		2020-07-26T21:56:36.304877
22	周杰伦直播	37954		2020-07-26T21:56:36.304962
23	指挥家杨鸿年去世	36510		2020-07-26T21:56:36.305045
24	忍界大战	35589		2020-07-26T21:56:36.305129
25	阿里回应印度前雇员起诉	34483		2020-07-26T21:56:36.305211
26	比特币价格突破10000美元	33559		2020-07-26T21:56:36.305294
27	乃万线上演唱会	32928		2020-07-26T21:56:36.305380
28	周杰伦疯狂翻牌	31820		2020-07-26T21:56:36.305465
29	外卖小哥皮肤大战	30517		2020-07-26T21:56:36.305548
30	杭州女子失踪案是有预谋的故意杀人案	29913		2020-07-26T21:56:36.305632
31	假如用绿茶方式说话	29726		2020-07-26T21:56:36.305732
32	郑希怡刘雨昕终于见面了	29508		2020-07-26T21:56:36.305827
33	戳爷 布布	29158		2020-07-26T21:56:36.305921
34	解放军南海实弹射击训练	28794		2020-07-26T21:56:36.306018
35	鲲龙AG600海上首飞成功	28600		2020-07-26T21:56:36.306111
36	iG战胜TES	28585		2020-07-26T21:56:36.306206
37	河南专升本泄题嫌犯被控制	27924		2020-07-26T21:56:36.306298
38	赵丽颖泡泡袖白纱裙	27882		2020-07-26T21:56:36.306391
39	你可以找到更好的工作	24531		2020-07-26T21:56:36.306483
40	秦淮河大堤内部被指挖空建高档餐厅	24024		2020-07-26T21:56:36.306576
41	马云	23864		2020-07-26T21:56:36.306671
42	iG TES	22109		2020-07-26T21:56:36.306763
43	三十而已的男性角色	21423		2020-07-26T21:56:36.306855
44	受灾小猫变成军喵	20994		2020-07-26T21:56:36.306948
45	南开录取通知书送两粒莲花种子	20122		2020-07-26T21:56:36.307041
46	安徽一消防指挥员在抗洪中牺牲	20030		2020-07-26T21:56:36.307134
47	五条人回应被淘汰	19924		2020-07-26T21:56:36.307227
48	招生办通报专升本考试疑似泄题事件	19774		2020-07-26T21:56:36.307319
49	台湾花莲海域5.5级地震	18546		2020-07-26T21:56:36.307413
50	河南专升本	18333		2020-07-26T21:56:36.307506
