排名	关键词	热度	特征	时间
1	鬼鬼收到黄鸿升生前准备的礼物	4055947	新	2020-09-27T12:35:55.163586
2	成都双流车祸致1死7伤	2318577	新	2020-09-27T12:35:55.163704
3	孙俪没收到传说中不可思议的礼物	2194183	热	2020-09-27T12:35:55.163803
4	喻言没有镜头	1867630	沸	2020-09-27T12:35:55.163903
5	爷爷记不清孙女今天要结婚	1377346	新	2020-09-27T12:35:55.164006
6	乔欣每个角色都是场恋爱	1235426	荐	2020-09-27T12:35:55.164133
7	美国再现食脑虫	959932		2020-09-27T12:35:55.164230
8	拜登接受采访突然语无伦次	844626		2020-09-27T12:35:55.164306
9	机器狗夜晚独自在街头游荡	784723	新	2020-09-27T12:35:55.164382
10	周杰伦昆凌ins评论	779263		2020-09-27T12:35:55.164478
11	西安发现长恨歌里的骊宫	757980		2020-09-27T12:35:55.164553
12	两女子穿和服百年历史港口拍照遭怒怼	592967	新	2020-09-27T12:35:55.164630
13	小美好原作者称没收到翻拍版权费	545864	新	2020-09-27T12:35:55.164727
14	社保第六险要来了	514911		2020-09-27T12:35:55.164822
15	杨幂看沉默的真相哭了好几次	509202		2020-09-27T12:35:55.164898
16	107岁老人数80岁女婿帮领的工资	493542		2020-09-27T12:35:55.164972
17	交通银行笔试	461251	新	2020-09-27T12:35:55.165046
18	名创优品指甲油复检仍不合格	452910		2020-09-27T12:35:55.165139
19	机场水门最高礼遇迎接烈士遗骸	445193		2020-09-27T12:35:55.165215
20	林雨申被粉丝送乌龟	432905	新	2020-09-27T12:35:55.165289
21	年轻人吃外卖规律	426212	新	2020-09-27T12:35:55.165384
22	小花生亮标	423100	新	2020-09-27T12:35:55.165481
23	跟路人说你的皇冠掉了	369511	新	2020-09-27T12:35:55.165572
24	给学生治顺拐结果全被带偏	340397	新	2020-09-27T12:35:55.165666
25	白宇 合影奉上	327127	新	2020-09-27T12:35:55.165760
26	搭建方回应黄龄太一跌落舞台	321759	新	2020-09-27T12:35:55.165855
27	鲜芒爆浆杨枝甘露蛋糕	312937	新	2020-09-27T12:35:55.165951
28	我和我的家乡首映礼	289473		2020-09-27T12:35:55.166042
29	詹姆斯连得9分杀死比赛	287034		2020-09-27T12:35:55.166118
30	唐嫣首谈女儿	286613		2020-09-27T12:35:55.166192
31	林峯张馨月生的是女儿	285958		2020-09-27T12:35:55.166268
32	公交司机怒斥车上4小偷	284927		2020-09-27T12:35:55.166342
33	重庆一煤矿一氧化碳超限事故16人死亡	281311		2020-09-27T12:35:55.166415
34	抗美援朝老兵起立敬礼目送战友	275473		2020-09-27T12:35:55.166491
35	吴亦凡东北大花裤造型	259835		2020-09-27T12:35:55.166569
36	李易峰不是发胶是汗	250549		2020-09-27T12:35:55.166645
37	名创优品回应指甲油致癌物超标	247365		2020-09-27T12:35:55.166720
38	外卖员无证驾驶被查假装韩国人	235417		2020-09-27T12:35:55.166794
39	V3 LGD	219775		2020-09-27T12:35:55.166868
40	李亚鹏 养女当如李宝嫣	219516		2020-09-27T12:35:55.166943
41	不愧是巩俐	219508		2020-09-27T12:35:55.167016
42	南京1.8级地震	219126	新	2020-09-27T12:35:55.167088
43	燃烧的女子群像	200045	新	2020-09-27T12:35:55.167183
44	男子替母千里祭拜援朝牺牲外公	186932	新	2020-09-27T12:35:55.167276
45	玩密室逃脱手指被踩骨折	184198		2020-09-27T12:35:55.167370
46	LGD首胜	173179	新	2020-09-27T12:35:55.167445
47	这是我最想养的猪	164115	新	2020-09-27T12:35:55.167538
48	山东冷链物流人员每14天1次核酸检测	157949		2020-09-27T12:35:55.167631
49	UFC	146691		2020-09-27T12:35:55.167710
50	竹内结子在衣柜上吊自杀	145922		2020-09-27T12:35:55.167790
