排名	关键词	热度	特征	时间
1	罗艳被当作小三	286653		2020-07-29T23:58:35.865200
2	遭家暴跳楼女子被判离婚	156649	沸	2020-07-29T23:58:35.865348
3	万茜X昂科威S活出漂亮	156591	荐	2020-07-29T23:58:35.865504
4	顾佳怎么还不离婚	156424		2020-07-29T23:58:35.865650
5	流星雨	156223	沸	2020-07-29T23:58:35.865766
6	钟晓芹钟晓阳亲吻	155813	沸	2020-07-29T23:58:35.865921
7	许幻山改手机密码	123871		2020-07-29T23:58:35.866086
8	多家培训机构诱导消费者贷款	120186		2020-07-29T23:58:35.866214
9	三十而已	112555		2020-07-29T23:58:35.866339
10	文化和旅游部副部长李金早被查	97999		2020-07-29T23:58:35.866464
11	杨笠 黑寡妇的技能是寿命长	92638		2020-07-29T23:58:35.866590
12	武汉客厅方舱医院开始拆除	90199		2020-07-29T23:58:35.866715
13	柯达	71971		2020-07-29T23:58:35.866842
14	广东未成年人目睹家暴也是受害者	71962		2020-07-29T23:58:35.866968
15	大连8例新增确诊病例轨迹	69939		2020-07-29T23:58:35.867094
16	张博洋不想成为白凯南	69716		2020-07-29T23:58:35.867219
17	神孩	68822		2020-07-29T23:58:35.867346
18	苹果新专利配件连接iPhone和iPad	68742		2020-07-29T23:58:35.867471
19	东京胡萝卜27元一公斤	64364		2020-07-29T23:58:35.867597
20	重启剧组火锅局直播	57156		2020-07-29T23:58:35.867722
21	阮次山去世	56829		2020-07-29T23:58:35.867846
22	脱口秀大会	56069		2020-07-29T23:58:35.867970
23	姐妹为了我可以有多拼	52965		2020-07-29T23:58:35.868117
24	锦绣南歌	49641		2020-07-29T23:58:35.868240
25	路小北求婚式挽留队友	49197		2020-07-29T23:58:35.868361
26	驻港仪仗女兵版无价之姐	45099		2020-07-29T23:58:35.868485
27	麦当劳将在美关店200家	45024		2020-07-29T23:58:35.868608
28	剑仙回归	44442		2020-07-29T23:58:35.868731
29	真的有明星不想红吗	42680		2020-07-29T23:58:35.868856
30	各级党委和政府要高度重视研究生教育	42635		2020-07-29T23:58:35.868977
31	国家再次提高部分退役军人抚恤标准	42634		2020-07-29T23:58:35.869102
32	武汉协和坠亡护士系独女	42517		2020-07-29T23:58:35.869226
33	墨魂	41609		2020-07-29T23:58:35.869349
34	Hello Kitty被任命为版权宣传大使	41307		2020-07-29T23:58:35.869472
35	汪文斌说美方在大选中别拿中国说事	40314		2020-07-29T23:58:35.869596
36	微软等50多家科技公司源代码泄露	40080		2020-07-29T23:58:35.869721
37	王勉饭圈女孩之歌	38266		2020-07-29T23:58:35.869844
38	武汉协和医院	37859		2020-07-29T23:58:35.869966
39	三星堆里挖出来的猪	37405		2020-07-29T23:58:35.870090
40	上海将设家政本科专业	34367		2020-07-29T23:58:35.870213
41	刘亚仁朴信惠 活着	33855		2020-07-29T23:58:35.870335
42	獐子岛股价翻倍	33283		2020-07-29T23:58:35.870459
43	王一博关节万向轮挑战	33108		2020-07-29T23:58:35.870583
44	秦岭发现罕见雨蛙	33009		2020-07-29T23:58:35.870705
45	台风	32730		2020-07-29T23:58:35.870828
46	侃爷卡戴珊车中争执	32604		2020-07-29T23:58:35.870953
47	唯一的好男人是许子言	30787		2020-07-29T23:58:35.871077
48	广州天气	30412		2020-07-29T23:58:35.871201
49	基金	29710		2020-07-29T23:58:35.871325
50	信条过审	29331		2020-07-29T23:58:35.871449
