排名	关键词	热度	特征	时间
1	关锦鹏批评伊能静	4275794	新	2020-07-07T01:52:41.634196
2	高考	2139548		2020-07-07T01:52:41.634373
3	试用期必须为员工缴纳社保	1117582	沸	2020-07-07T01:52:41.634498
4	杨幂唱mojito	653688	沸	2020-07-07T01:52:41.634646
5	大熊猫双胞胎顺顺溜溜病亡	594972		2020-07-07T01:52:41.634792
6	令人惊叹的5G	580939	荐	2020-07-07T01:52:41.634907
7	河神2没有李现	559889		2020-07-07T01:52:41.635049
8	高考加油	522147	新	2020-07-07T01:52:41.635162
9	环卫工被顶替教师岗26年调查结果	506026		2020-07-07T01:52:41.635323
10	莫向晚创业	406968		2020-07-07T01:52:41.635452
11	中国十大美好生活城市	361713		2020-07-07T01:52:41.635579
12	女明星的大胆发言	353891		2020-07-07T01:52:41.635706
13	瑞丽航空回应DR6558航班备降	350782	新	2020-07-07T01:52:41.635831
14	陈锡向月娘求婚	340343		2020-07-07T01:52:41.635986
15	400年前明代石拱桥被冲毁	340178		2020-07-07T01:52:41.636131
16	新冠病毒在亚洲出现前已在其他地方出现	339786		2020-07-07T01:52:41.636258
17	苟晶	339502	新	2020-07-07T01:52:41.636384
18	孔雪儿翻跳BLACKPINK新歌	338855	新	2020-07-07T01:52:41.636541
19	鱼四没死	338790		2020-07-07T01:52:41.636707
20	驻韩美军大闹釜山	330103		2020-07-07T01:52:41.636830
21	爬6楼救人因恐高被困男子是退伍军人	254730		2020-07-07T01:52:41.636950
22	郑允浩叫李秀满交观后感	250481	新	2020-07-07T01:52:41.637073
23	当电视画面投影在玻璃上	239982		2020-07-07T01:52:41.637224
24	淮安发生重大暴力袭警案	205127		2020-07-07T01:52:41.637344
25	湖南省5所高校升一本	195995		2020-07-07T01:52:41.637466
26	减震堪比劳斯莱斯的小鸟	195044		2020-07-07T01:52:41.637587
27	鹿晗孙如云合照	195041		2020-07-07T01:52:41.637708
28	七七事变83周年	194962	新	2020-07-07T01:52:41.637827
29	郑云龙方回应仝卓喊话	190462		2020-07-07T01:52:41.637976
30	北京高考生地铁优先安检进站	185002	新	2020-07-07T01:52:41.638095
31	当浣熊发现葡萄不见了	180587	新	2020-07-07T01:52:41.638245
32	A股牛市真来了吗	177606		2020-07-07T01:52:41.638393
33	男孩高空抛水袋找乐子	175926		2020-07-07T01:52:41.638513
34	张雨绮帮李斯丹妮拒绝蓝盈莹	164266		2020-07-07T01:52:41.638631
35	香港国安法第43条实施细则刊宪	161442		2020-07-07T01:52:41.638749
36	货车门没关好致千余箱茅台掉落	160822		2020-07-07T01:52:41.638869
37	朱朝阳叶驰敏CP混剪	159482	新	2020-07-07T01:52:41.638988
38	四川32名学子保送清华北大	149165		2020-07-07T01:52:41.639134
39	全球新冠肺炎单日新增超20万例	148172	新	2020-07-07T01:52:41.639254
40	美国得州883个托儿所发现新冠	147617	新	2020-07-07T01:52:41.639399
41	港独分子周庭认罪	147614		2020-07-07T01:52:41.639549
42	阿尔卑斯山出现粉色冰川	144778	新	2020-07-07T01:52:41.639669
43	世冠定妆照	144565		2020-07-07T01:52:41.639817
44	河神2	144537		2020-07-07T01:52:41.639936
45	高考前一晚怎么度过的	131574		2020-07-07T01:52:41.640082
46	鸡蛋价格半年降近3成	128246		2020-07-07T01:52:41.640200
47	小娘惹	127830		2020-07-07T01:52:41.640318
48	如花扮演者李健仁中风	121117		2020-07-07T01:52:41.640438
49	嘴强王者秒变青铜	107195		2020-07-07T01:52:41.640556
50	郭碧婷	106393		2020-07-07T01:52:41.640647
