排名	关键词	热度	特征	时间
1	胡宇桐	377491	沸	2020-08-30T23:34:57.148820
2	交警抱摔醉酒猥亵女学生男子	126635		2020-08-30T23:34:57.148911
3	舒肤佳健康传中国	122361	荐	2020-08-30T23:34:57.148975
4	以家人之名	119136		2020-08-30T23:34:57.149048
5	贺子秋 为什么每一次被抛弃的都是我	102288	沸	2020-08-30T23:34:57.149107
6	香港小姐决赛	90345		2020-08-30T23:34:57.149188
7	当地残联回应150米盲道改成十八弯	90180		2020-08-30T23:34:57.149242
8	日本政府计划9月17日选出新首相	89910		2020-08-30T23:34:57.149298
9	玻璃价格上涨	89674		2020-08-30T23:34:57.149350
10	杨紫编辑微博	89295	热	2020-08-30T23:34:57.149401
11	襄汾饭店过寿老人下跪道歉	88920		2020-08-30T23:34:57.149463
12	心疼Rookie	88495		2020-08-30T23:34:57.149516
13	苏小落	88250		2020-08-30T23:34:57.149568
14	璇玑得知司凤是妖	87781		2020-08-30T23:34:57.149618
15	凌霄帮贺子秋还钱	87590		2020-08-30T23:34:57.149670
16	学生回应宿舍长出辣椒	87113		2020-08-30T23:34:57.149720
17	唐灿贺子秋	86750		2020-08-30T23:34:57.149770
18	美军核潜艇现身挪威近海	86409		2020-08-30T23:34:57.149821
19	广东一企业申请阿京腾百商标被否	86212		2020-08-30T23:34:57.149872
20	胡宇桐问臧鸿飞怎么打鼓才不愣	85772		2020-08-30T23:34:57.149923
21	谢嘉怡香港小姐冠军	85695		2020-08-30T23:34:57.149974
22	王艺瑾 甜	84270		2020-08-30T23:34:57.150024
23	喜欢留中分的姐妹要注意了	83032		2020-08-30T23:34:57.150074
24	央视曝不合格办公椅存爆炸风险	68337		2020-08-30T23:34:57.150125
25	学生返校晒被子时水管爆裂	64989		2020-08-30T23:34:57.150176
26	如何优雅地背着被子去学校	60546		2020-08-30T23:34:57.150226
27	12岁少年直播赚钱养家	56808		2020-08-30T23:34:57.150277
28	新疆老兵退役前为战友打300个馕	53147		2020-08-30T23:34:57.150327
29	特朗普说自己的签名值1万美元	52777		2020-08-30T23:34:57.150378
30	天天向上	52520		2020-08-30T23:34:57.150428
31	陈卓璇成了气氛组	48804		2020-08-30T23:34:57.150479
32	女童被风筝缠卷飞至半空	43715		2020-08-30T23:34:57.150529
33	河南延津村民靠捉蟋蟀致富	39100		2020-08-30T23:34:57.150579
34	加拿大抗议者推倒首任总理雕像	37981		2020-08-30T23:34:57.150629
35	任豪给刘谦交魔术作业	37414		2020-08-30T23:34:57.150679
36	物业回应女童滞留电梯找家长时坠亡	34718		2020-08-30T23:34:57.150730
37	iG输了	34304		2020-08-30T23:34:57.150780
38	金晨发视频回应送勺粉丝	33775		2020-08-30T23:34:57.150830
39	Ning伤害3032	33718		2020-08-30T23:34:57.150880
40	S7冒泡赛兮夜用卡萨丁淘汰iG	33436		2020-08-30T23:34:57.150930
41	电动牙刷的宿命	32007		2020-08-30T23:34:57.150980
42	情链	31802		2020-08-30T23:34:57.151031
43	张宏民	30970		2020-08-30T23:34:57.151080
44	阴阳师	30149		2020-08-30T23:34:57.151131
45	武汉菜市场卖野生青蛙	28736		2020-08-30T23:34:57.151182
46	章子怡斥代拍	28580		2020-08-30T23:34:57.151233
47	野生大熊猫倒立撒尿	28562		2020-08-30T23:34:57.151283
48	LGD晋级S10	28502		2020-08-30T23:34:57.151333
49	美国拟从银行转走伊朗17亿美元资产	24448		2020-08-30T23:34:57.151383
50	小花生的男枪	24204		2020-08-30T23:34:57.151433
