排名	关键词	热度	特征	时间
1	泰国杀妻藏尸案受害者闺蜜发声	2456675	热	2020-09-15T16:36:54.970259
2	央视揭秘外卖员送餐全过程	1804529	新	2020-09-15T16:36:54.970338
3	73岁林子祥完成高难度演唱的能力	1564951	新	2020-09-15T16:36:54.970402
4	林雨申赵露思相生相克	1518209	新	2020-09-15T16:36:54.970462
5	我喜欢你	1331797		2020-09-15T16:36:54.970522
6	兰州兽研所布病事件确认阳性3245人	1230983		2020-09-15T16:36:54.970570
7	腾讯申请微信儿童版商标	1200110	热	2020-09-15T16:36:54.970618
8	对美加征关税商品第一次排除延期清单	1181906		2020-09-15T16:36:54.970676
9	上床下桌的真正意思	1178590	热	2020-09-15T16:36:54.970723
10	心动的信号素人嘉宾职业	1047120	新	2020-09-15T16:36:54.970781
11	第30届金鹰奖提名名单	741717	新	2020-09-15T16:36:54.970839
12	心动的信号	585818		2020-09-15T16:36:54.970897
13	6000元离职赔偿金全是硬币	566583		2020-09-15T16:36:54.970943
14	袁冰妍配音告别褚璇玑	554613		2020-09-15T16:36:54.970989
15	朴宰范中国新说唱飞行制作人	543956		2020-09-15T16:36:54.971035
16	中国是世界上最安全的国家之一	542034		2020-09-15T16:36:54.971081
17	狗不理包子王府井店门店关闭	540879		2020-09-15T16:36:54.971138
18	iPhone12	539093	热	2020-09-15T16:36:54.971185
19	赵丽颖双提名	536121	新	2020-09-15T16:36:54.971248
20	关晓彤 清爽魔芋粉	534396	新	2020-09-15T16:36:54.971315
21	蔡依林跳Sour Candy	533132	新	2020-09-15T16:36:54.971382
22	Mlxg手气	531761	新	2020-09-15T16:36:54.971447
23	女子离家出走3天至今未归	502503		2020-09-15T16:36:54.971512
24	当男友说要给你买个玩偶	500571	新	2020-09-15T16:36:54.971565
25	金鹰奖提名发布会	481793		2020-09-15T16:36:54.971630
26	琉璃大结局	448218		2020-09-15T16:36:54.971683
27	日本拟定奥运会防疫方案	438116	新	2020-09-15T16:36:54.971735
28	国庆天安门广场花卉布置方案出炉	437841		2020-09-15T16:36:54.971799
29	李斯丹妮模仿姐姐们	437749		2020-09-15T16:36:54.971851
30	吴邪换脸失败	425191	新	2020-09-15T16:36:54.971902
31	以前的粉丝有多大胆	368921	新	2020-09-15T16:36:54.971966
32	S10抽签仪式	363320		2020-09-15T16:36:54.972042
33	王宁当选福建省省长	361922		2020-09-15T16:36:54.972095
34	罗喉计都把心给了司凤	361804	新	2020-09-15T16:36:54.972147
35	成年人的社交真相	357344	新	2020-09-15T16:36:54.972211
36	湖南卫视中秋之夜阵容	324516		2020-09-15T16:36:54.972276
37	中国新冠疫苗在阿联酋获紧急批准	323978		2020-09-15T16:36:54.972328
38	安徽工业大学	317184		2020-09-15T16:36:54.972380
39	宋茜获三项提名	307567	新	2020-09-15T16:36:54.972432
40	恋爱脑的反常规操作	267051	新	2020-09-15T16:36:54.972495
41	霹雳娇娃主演重聚	265068	新	2020-09-15T16:36:54.972555
42	塔克拉玛干沙漠雾凇奇观	257436	新	2020-09-15T16:36:54.972614
43	自制酸奶软籽红石榴	253170	新	2020-09-15T16:36:54.972673
44	燃灯校长张桂梅让贫困孩子飞出大山	245122	新	2020-09-15T16:36:54.972730
45	獐子岛将海底扇贝动产抵押	235725	新	2020-09-15T16:36:54.972790
46	禁锢之地	230454	新	2020-09-15T16:36:54.972848
47	昊辰认错下线	225600		2020-09-15T16:36:54.972906
48	女孩子酷一点怎么啦	212571		2020-09-15T16:36:54.972954
49	国内的钢化玻璃质量有多好	211992		2020-09-15T16:36:54.973000
50	黄明昊 美德就是要被高估	191906		2020-09-15T16:36:54.973047
