排名	关键词	热度	特征	时间
1	孙俪妹妹艺考成绩	4771502	热	2020-08-03T16:33:59.722788
2	武汉不一定是新冠跨物种传播地点	3222208	新	2020-08-03T16:33:59.722927
3	三十而已大结局	2869437	荐	2020-08-03T16:33:59.723045
4	沈月言承旭CP感	2153204	新	2020-08-03T16:33:59.723157
5	三十而已	2013826		2020-08-03T16:33:59.723267
6	网易云回应网抑云	1937335	沸	2020-08-03T16:33:59.723356
7	popi	1216353		2020-08-03T16:33:59.723463
8	四川一女孩长期遭受家暴失联	1193474	新	2020-08-03T16:33:59.723550
9	外交部回应美制裁新疆生产建设兵团	974499		2020-08-03T16:33:59.723662
10	我好喜欢你	965062		2020-08-03T16:33:59.723751
11	易烊千玺撑伞走红毯	962501	沸	2020-08-03T16:33:59.723839
12	谢霆锋菜园子塌了	943058		2020-08-03T16:33:59.723949
13	华为阿里员工跳槽至微软受抵制	837336		2020-08-03T16:33:59.724057
14	沈阳一高压电线遭雷击	666951		2020-08-03T16:33:59.724147
15	肖枫被取消参赛资格	583859	新	2020-08-03T16:33:59.724234
16	父亲为弥补儿子亲手改造房间	537929		2020-08-03T16:33:59.724351
17	二十不惑	537376	新	2020-08-03T16:33:59.724450
18	大S为言承旭新剧打call	536077		2020-08-03T16:33:59.724572
19	物业回应小区考生考上清北奖10000万	534680		2020-08-03T16:33:59.724670
20	男生如何对付林有有	532701		2020-08-03T16:33:59.724769
21	许凯问给李泽锋打call会掉粉吗	531615		2020-08-03T16:33:59.724864
22	作者回应支持四市升直辖市	530822	新	2020-08-03T16:33:59.724960
23	今夜23时59分月亮最圆	447132	新	2020-08-03T16:33:59.725080
24	Xubin女警	411790		2020-08-03T16:33:59.725202
25	姜小果去周寻老家	405032	新	2020-08-03T16:33:59.725299
26	曜FMVP皮肤	382697	新	2020-08-03T16:33:59.725420
27	湖北仙桃一化工厂闪爆	366912	新	2020-08-03T16:33:59.725542
28	孙悦11投0中	353169		2020-08-03T16:33:59.725663
29	香港特区暂停港新移交逃犯协定	350623		2020-08-03T16:33:59.725761
30	月亮	350438		2020-08-03T16:33:59.725857
31	外国人眼里的中文歌	349791		2020-08-03T16:33:59.725953
32	宋茜暗夜流光礼服裙	328613		2020-08-03T16:33:59.726048
33	辽宁vs浙江	315456	新	2020-08-03T16:33:59.726142
34	芬兰女总理与相恋16年男友结婚	308345		2020-08-03T16:33:59.726264
35	2020年全球最富有25个家族	304414		2020-08-03T16:33:59.726360
36	路小北制止网络暴力	297811	新	2020-08-03T16:33:59.726456
37	央视专访阿木爷爷	283752	新	2020-08-03T16:33:59.726576
38	吴前好厉害	266020	新	2020-08-03T16:33:59.726695
39	杨洋迷彩服	264279		2020-08-03T16:33:59.726813
40	深圳遭下药女子再回应	237009		2020-08-03T16:33:59.726903
41	穿越火线	236158		2020-08-03T16:33:59.726993
42	云南九价HPV疫苗供货紧张	230142		2020-08-03T16:33:59.727078
43	河北男子连续三年酒驾被查	228249	新	2020-08-03T16:33:59.727164
44	陌生的恋人预告	227924		2020-08-03T16:33:59.727278
45	六月十四月亮圆	211788	新	2020-08-03T16:33:59.727373
46	四川峨眉山山林间发现两具遗骸	205805	新	2020-08-03T16:33:59.727493
47	花炮厂应援顾佳放GJ烟花	204527	新	2020-08-03T16:33:59.727613
48	吮指年糕香辣蟹	204522		2020-08-03T16:33:59.727734
49	驻港部队的集体婚礼	197102		2020-08-03T16:33:59.727830
50	下月起8类药品不再医保报销	196358		2020-08-03T16:33:59.727923
