排名	关键词	热度	特征	时间
1	郑恺发文回忆跑男100期	2767623	热	2020-08-08T03:57:34.970324
2	美国新冠肺炎确诊超491万例	2294347		2020-08-08T03:57:34.970507
3	淘宝女孩的爱情	2217011	荐	2020-08-08T03:57:34.970634
4	伊能静发小作文为张雨绮庆生	2177171	新	2020-08-08T03:57:34.970780
5	邓超送白玉兰花安慰孙俪	931010		2020-08-08T03:57:34.970932
6	汇丰银行征信查询存在违法行为被罚	795270	新	2020-08-08T03:57:34.971053
7	北京奥运12年	699755	沸	2020-08-08T03:57:34.971197
8	新疆新增25例本土病例	451424	新	2020-08-08T03:57:34.971343
9	腾讯回应特朗普微信交易禁令	354371	沸	2020-08-08T03:57:34.971488
10	黄晓明安慰赵丽颖	354276	热	2020-08-08T03:57:34.971632
11	印度客机滑出跑道断成两截	353907		2020-08-08T03:57:34.971776
12	内蒙古通报1例腺鼠疫死亡病例	352753	新	2020-08-08T03:57:34.971893
13	C罗梅开二度	348406		2020-08-08T03:57:34.972061
14	二十不惑大结局	335986		2020-08-08T03:57:34.972194
15	这辈子都不会忘的尴尬场面	302720		2020-08-08T03:57:34.972323
16	新疆托克逊4.8级地震	296982	新	2020-08-08T03:57:34.972450
17	英国外交部首席捕鼠官将退休	296728	新	2020-08-08T03:57:34.972610
18	成毅打戏	296212		2020-08-08T03:57:34.972768
19	男友杀害南京女生作案动机	293483	热	2020-08-08T03:57:34.972893
20	驻港部队汽车兵3分钟徒手换轮胎	291962		2020-08-08T03:57:34.973050
21	武汉欢乐谷	248477		2020-08-08T03:57:34.973176
22	梁爽赵优秀在一起	218094		2020-08-08T03:57:34.973300
23	任嘉伦吃播	207872		2020-08-08T03:57:34.973425
24	两座北极冰盖因全球变暖消失	202076		2020-08-08T03:57:34.973548
25	李子柒秋风送葵	197966		2020-08-08T03:57:34.973671
26	陈宝国白玉兰最佳男主角	190863		2020-08-08T03:57:34.973795
27	地铁帅哥图鉴	186278	新	2020-08-08T03:57:34.973919
28	奔跑吧	160957		2020-08-08T03:57:34.974073
29	外交部回应中加关系遭遇困难	156016		2020-08-08T03:57:34.974197
30	中信银行回应薪酬问题	152774	新	2020-08-08T03:57:34.974320
31	中餐厅	143800		2020-08-08T03:57:34.974476
32	陆军演练抢滩登陆作战	131930		2020-08-08T03:57:34.974598
33	31省区市新增确诊31例	130596	新	2020-08-08T03:57:34.974721
34	杨洁篪谈中美关系	129413		2020-08-08T03:57:34.974878
35	余承东称华为手机没芯片了	128707		2020-08-08T03:57:34.975006
36	辽宁昨日无新增确诊	127176	新	2020-08-08T03:57:34.975133
37	杨幂跳无价之姐	121327		2020-08-08T03:57:34.975290
38	宁静李斯丹妮抢王霏霏	114947		2020-08-08T03:57:34.975416
39	刘诗诗刘昊然合体大片	113662		2020-08-08T03:57:34.975539
40	明日之子官方锤瓜	106950		2020-08-08T03:57:34.975662
41	海涛把吴昕鼓励哭了	106381		2020-08-08T03:57:34.975786
42	秦海璐黑色高开衩长裙	103988		2020-08-08T03:57:34.975907
43	尤文皇马被淘汰	100029		2020-08-08T03:57:34.976043
44	欧冠	99042		2020-08-08T03:57:34.976168
45	老人连续7年拍摄天空	96922		2020-08-08T03:57:34.976291
46	鞠婧祎 谢谢善良的人	88662		2020-08-08T03:57:34.976413
47	500强企业工程师回乡种番茄	88452		2020-08-08T03:57:34.976537
48	郭艾伦手势	79636		2020-08-08T03:57:34.976659
49	四川安岳杀妻嫌疑人被批捕	66904		2020-08-08T03:57:34.976782
50	时代周刊封面新冠病毒水淹白宫	66450		2020-08-08T03:57:34.976907
