排名	关键词	热度	特征	时间
1	萧亚轩 我的人生有大事要发生	391582	热	2020-07-28T21:53:40.935508
2	玄武湖并蒂莲被游客摘下	181155	沸	2020-07-28T21:53:40.935610
3	被林有有气死	176809	沸	2020-07-28T21:53:40.935693
4	张月微博评论	153165		2020-07-28T21:53:40.935778
5	顾佳偷看许幻山手机	144053	热	2020-07-28T21:53:40.935849
6	重启	140276	沸	2020-07-28T21:53:40.935936
7	成都14岁女生坠亡案嫌疑人被批捕	123223	沸	2020-07-28T21:53:40.936036
8	王毅称中国将坚定而理性地回应美国	120192		2020-07-28T21:53:40.936125
9	2020年研究生在学人数将破300万	117352		2020-07-28T21:53:40.936193
10	爱奇艺尖叫之夜取消	117338	沸	2020-07-28T21:53:40.936260
11	顾佳第六感没谁了	97271		2020-07-28T21:53:40.936346
12	王漫妮辞职	76616	热	2020-07-28T21:53:40.936414
13	周扬青回应与罗志祥好友合影	76096	热	2020-07-28T21:53:40.936498
14	大连4人殴打辱骂防疫人员被拘	64780		2020-07-28T21:53:40.936584
15	苦等十年回迁房回家要开8道防火门	64289		2020-07-28T21:53:40.936651
16	soul崩了	63900		2020-07-28T21:53:40.936719
17	陈飞宇李佳琦直播	61376		2020-07-28T21:53:40.936785
18	上市公司给董事长涨薪16倍	54185		2020-07-28T21:53:40.936852
19	索尼	50828		2020-07-28T21:53:40.936918
20	周寻被姜小果妈灌醉	49676		2020-07-28T21:53:40.936984
21	BBC出的蛋炒饭教程	48272		2020-07-28T21:53:40.937051
22	香港大学副教授戴耀廷被解雇	46348		2020-07-28T21:53:40.937117
23	苹果蕉	45308		2020-07-28T21:53:40.937183
24	菲总统希望中国能优先提供新冠疫苗	43948		2020-07-28T21:53:40.937246
25	唐老鸭变生气鸭	42951		2020-07-28T21:53:40.937307
26	外交部 孟晚舟事件是严重政治事件	42449		2020-07-28T21:53:40.937369
27	日方回应韩国立安倍下跪谢罪雕像	40827		2020-07-28T21:53:40.937430
28	浦发回应被贷款1200万事件	39563		2020-07-28T21:53:40.937491
29	无需回应式友情	38576		2020-07-28T21:53:40.937551
30	吴邪吐血	36229		2020-07-28T21:53:40.937612
31	三十而已细节	32332		2020-07-28T21:53:40.937672
32	江南百景图	29907		2020-07-28T21:53:40.937733
33	朝鲜首例疑似病例路径曝光	28359		2020-07-28T21:53:40.937792
34	吉卜力公园正式开工	26932		2020-07-28T21:53:40.937853
35	CNN记者成都直播时的背景音乐	26254		2020-07-28T21:53:40.937913
36	微博关闭35个百万粉丝违规账号	26007		2020-07-28T21:53:40.937974
37	路小北被挖墙脚	23137		2020-07-28T21:53:40.938035
38	金星直拍版无价之姐	23036		2020-07-28T21:53:40.938095
39	黄金	22567		2020-07-28T21:53:40.938156
40	肖枫为安蓝打架	21928		2020-07-28T21:53:40.938216
41	陈学冬否认参加中国新说唱	21079		2020-07-28T21:53:40.938276
42	公交司机低头捡东西碾死行人	20722		2020-07-28T21:53:40.938336
43	天问一号探测器传回地月合影	19787		2020-07-28T21:53:40.938396
44	辽宁无人岛最新价格	19465		2020-07-28T21:53:40.938457
45	FoFo五杀	19010		2020-07-28T21:53:40.938517
46	薇娅直播	18393		2020-07-28T21:53:40.938576
47	上海迪士尼烟花复园后首开放	18154		2020-07-28T21:53:40.938637
48	无价之姐中国风爵士扇子舞	16367		2020-07-28T21:53:40.938697
49	挡刀救小女孩的快递员出院	16095		2020-07-28T21:53:40.938757
50	马来西亚前总理纳吉布被判12年监禁	15237		2020-07-28T21:53:40.938816
