排名	关键词	热度	特征	时间
1	李易峰觉得虞书欣很可爱	3591613	热	2020-05-05T12:39:56.396330
2	董建华称一国两制是名副其实的香港共识	1553405	新	2020-05-05T12:39:56.396454
3	邓伦告白	1550035	荐	2020-05-05T12:39:56.396562
4	台版101模仿黑人抬棺	1539363		2020-05-05T12:39:56.396665
5	黑人抬棺队长称将环游世界	1447401	新	2020-05-05T12:39:56.396747
6	杨紫为张一山庆生的文案	1134118	热	2020-05-05T12:39:56.396848
7	追尾当场转账把对方车买了	1083235	热	2020-05-05T12:39:56.396945
8	美国疫情	884530		2020-05-05T12:39:56.397043
9	长征五号B运载火箭首飞	764575	新	2020-05-05T12:39:56.397122
10	求婚得到整栋宿舍楼助攻的情侣领证	665246	热	2020-05-05T12:39:56.397226
11	孔刘李栋旭为金高银应援	605538	沸	2020-05-05T12:39:56.397339
12	93年女生回应拥有400栋楼	559608		2020-05-05T12:39:56.397450
13	全国统一的止痒方法	469196		2020-05-05T12:39:56.397542
14	今年夏天的肤色状态	436382		2020-05-05T12:39:56.397631
15	香港修例风波至今共8001人被捕	425429		2020-05-05T12:39:56.397720
16	胖五	403966	新	2020-05-05T12:39:56.397807
17	虎门大桥发生异常抖动	403953	新	2020-05-05T12:39:56.397915
18	少年之名	401665		2020-05-05T12:39:56.398024
19	这野餐也太实在了吧	401318		2020-05-05T12:39:56.398110
20	笑起来真好看嘉宾阵容	399736	新	2020-05-05T12:39:56.398196
21	虎门大桥	399155		2020-05-05T12:39:56.398304
22	网文作家自发五五断更节	397820	新	2020-05-05T12:39:56.398389
23	综艺里的神仙solo现场	396267	新	2020-05-05T12:39:56.398499
24	朋友间最舒服的关系	395768	新	2020-05-05T12:39:56.398616
25	何雯娜爸爸的信	390209		2020-05-05T12:39:56.398724
26	学生时期全班看电影的经历	361174	新	2020-05-05T12:39:56.398812
27	剪头	353769		2020-05-05T12:39:56.398921
28	郑爽机场造型	349035		2020-05-05T12:39:56.399008
29	为何有些美国人特别反智	347415		2020-05-05T12:39:56.399094
30	吃过最奢侈的菜	294124		2020-05-05T12:39:56.399180
31	蓬佩奥受访妄图甩锅中国秒被打脸	289563		2020-05-05T12:39:56.399267
32	黄金爆汁QQ菠萝饭	285874	新	2020-05-05T12:39:56.399352
33	江苏卫视55盛典节目单	233557	新	2020-05-05T12:39:56.399460
34	美国医护扛尸袋跳黑人抬棺舞	231454		2020-05-05T12:39:56.399569
35	你遇见最真实的小概率事件	225590		2020-05-05T12:39:56.399657
36	国安韩国外援吐槽中国队友	221264		2020-05-05T12:39:56.399745
37	每个指甲缝内会有4.5到5万个细菌	217512		2020-05-05T12:39:56.399830
38	北京降温学区房	206170		2020-05-05T12:39:56.399917
39	2019年度全国十大考古新发现	205962	新	2020-05-05T12:39:56.400003
40	鹦鹉离家出走后反悔了	199873		2020-05-05T12:39:56.400111
41	抄作业时说过最多的话	191950		2020-05-05T12:39:56.400210
42	刘涛复古红裙	180580		2020-05-05T12:39:56.400304
43	张艺兴加盟街舞3	177353		2020-05-05T12:39:56.400391
44	俄载人航天总设计师因新冠去世	168341	新	2020-05-05T12:39:56.400476
45	大学跟高中最大的区别	166380		2020-05-05T12:39:56.400579
46	黎智英涉非法集结及恐吓罪提堂	165209	新	2020-05-05T12:39:56.400658
47	阅文否认修改作品更新时间	164699	新	2020-05-05T12:39:56.400762
48	马斯克第6个孩子	164425		2020-05-05T12:39:56.400872
49	立夏	162641		2020-05-05T12:39:56.400958
50	男子打晕黑天鹅带回家炖汤	159734		2020-05-05T12:39:56.401044
