排名	关键词	热度	特征	时间
1	杨超越演技	572647	沸	2020-08-10T20:43:48.038523
2	北京野生动物园游客强行拿走天鹅蛋	425733		2020-08-10T20:43:48.038664
3	上幼儿园 喝小小鲁班	362638	荐	2020-08-10T20:43:48.038759
4	上海东方明珠塔被闪电击中	299543	沸	2020-08-10T20:43:48.038879
5	以家人之名	281127		2020-08-10T20:43:48.039002
6	向往的宅生活	259362	荐	2020-08-10T20:43:48.039099
7	王大陆母亲去世	246578	热	2020-08-10T20:43:48.039218
8	暴雨中男子用漏勺帮捞苹果	204970		2020-08-10T20:43:48.039337
9	黎巴嫩政府内阁辞职	203610		2020-08-10T20:43:48.039432
10	沃尔玛连续七年成为全球最大公司	203155		2020-08-10T20:43:48.039526
11	袁咏琳遇车祸	203028	热	2020-08-10T20:43:48.039623
12	李尖尖可爱	190875	沸	2020-08-10T20:43:48.039744
13	且听凤鸣	152425		2020-08-10T20:43:48.039861
14	网播平台回应男子手机撞号陈屿	135325		2020-08-10T20:43:48.039955
15	朋友圈骂人被判朋友圈道歉10天	125822	热	2020-08-10T20:43:48.040061
16	贾玲言承旭版我好喜欢你海报	124863		2020-08-10T20:43:48.040182
17	公安妇联介入男子疑锁妻多年事件	102373		2020-08-10T20:43:48.040276
18	深航挂7700航班乘客发声	102128		2020-08-10T20:43:48.040370
19	鲁能集团由中国绿发接手	102081		2020-08-10T20:43:48.040463
20	iOS14 beta4	101757		2020-08-10T20:43:48.040554
21	肖战	101556	热	2020-08-10T20:43:48.040647
22	小区规定晚十点半前不能遛狗	101108		2020-08-10T20:43:48.040764
23	王俊凯和Mlxg打游戏	100980		2020-08-10T20:43:48.040859
24	见过化妆最厉害的人	100795		2020-08-10T20:43:48.040952
25	母亲救子溺亡男孩哭喊我错了	95602		2020-08-10T20:43:48.041045
26	李荣浩用无价之姐唱懵李宇春	95176		2020-08-10T20:43:48.041137
27	班主任病逝百万遗产捐学校	93428		2020-08-10T20:43:48.041230
28	司凤璇玑初吻	88630		2020-08-10T20:43:48.041320
29	外交部宣布制裁11名美方人士	87328		2020-08-10T20:43:48.041413
30	2020年财富世界500强	86314		2020-08-10T20:43:48.041507
31	港独分子周庭被捕	86037		2020-08-10T20:43:48.041601
32	美国巴尔的摩发生爆炸	81484		2020-08-10T20:43:48.041693
33	贺子秋被抛弃	76928		2020-08-10T20:43:48.041785
34	景区回应老人乞讨儿子开车接送	74311		2020-08-10T20:43:48.041878
35	外交部说中国人民是吓不倒的	71451		2020-08-10T20:43:48.041972
36	贵州兴义公交失控致多人受伤	70608		2020-08-10T20:43:48.042066
37	央视曝光奔驰4S店偷换三无配件	67320		2020-08-10T20:43:48.042159
38	李宇春加盟中国好声音	67283		2020-08-10T20:43:48.042253
39	沙宝亮经纪公司声明	58367		2020-08-10T20:43:48.042346
40	贱内的意思	54697		2020-08-10T20:43:48.042438
41	路小北吃醋	54506		2020-08-10T20:43:48.042531
42	赵珂直播	46992		2020-08-10T20:43:48.042624
43	唱过夏天	46683		2020-08-10T20:43:48.042717
44	中国好声音发布会	44376		2020-08-10T20:43:48.042809
45	杨国福邀请张亮代言	43613		2020-08-10T20:43:48.042903
46	真的有漫画脸女孩吗	43499		2020-08-10T20:43:48.042996
47	把男朋友叫做普通朋友	41849		2020-08-10T20:43:48.043088
48	半泽直树	40003		2020-08-10T20:43:48.043180
49	16岁男孩为照顾奶奶报护理专业	35947		2020-08-10T20:43:48.043272
50	国乒奥运模拟赛	32751		2020-08-10T20:43:48.043366
