排名	关键词	热度	特征	时间
1	郑希怡 刘雨昕为什么不回复我私信	4152832	新	2020-06-25T14:46:47.054402
2	北京确诊患者未去疫区在公厕感染	2152861	新	2020-06-25T14:46:47.054585
3	水平方防溺水公益宣讲	1658743	荐	2020-06-25T14:46:47.054739
4	王瑶预言家	1627203	新	2020-06-25T14:46:47.054888
5	秦昊 张东升式求婚承诺	1580301	新	2020-06-25T14:46:47.055032
6	奇妙小森林太治愈了	1537187		2020-06-25T14:46:47.055176
7	章子怡评隐秘的角落	1530744	沸	2020-06-25T14:46:47.055291
8	RNG换人	1529710		2020-06-25T14:46:47.055432
9	北京一病例确诊前4次核酸阴性	1526728		2020-06-25T14:46:47.055558
10	赫鲁晓夫之子在美国因枪伤去世	1522743		2020-06-25T14:46:47.055688
11	普普 灵气	1518389		2020-06-25T14:46:47.055815
12	伊能静 我有可能比宁静还炸	1517072	热	2020-06-25T14:46:47.055940
13	时间管理大师朱朝阳	1443579		2020-06-25T14:46:47.056121
14	央视端午晚会节目单	1369842		2020-06-25T14:46:47.056248
15	新京报微博账号被查处	1257063		2020-06-25T14:46:47.056372
16	端午安康	1227911	新	2020-06-25T14:46:47.056495
17	杨丞琳 宁静姐姐真的美炸天	1164492		2020-06-25T14:46:47.056650
18	公积金	1031430		2020-06-25T14:46:47.056775
19	朱朝阳夹娃娃	639327		2020-06-25T14:46:47.056898
20	专家回应很多人不敢吃海鲜了	403919		2020-06-25T14:46:47.057022
21	奥林巴斯退出相机业务	386446	新	2020-06-25T14:46:47.057146
22	杨超越 我真的不能现场发挥	377857	热	2020-06-25T14:46:47.057301
23	特朗普说部分驻德美军或将部署至波兰	317885	新	2020-06-25T14:46:47.057455
24	朱永平录音笔彩蛋	315697		2020-06-25T14:46:47.057613
25	古装禁毒宣传片	310638		2020-06-25T14:46:47.057735
26	央视端午晚会	306746	新	2020-06-25T14:46:47.057860
27	王俊凯拍了拍自己	304800		2020-06-25T14:46:47.058016
28	许魏洲 刚出道时不是非常愉快	304231		2020-06-25T14:46:47.058140
29	FPX iG	288029	新	2020-06-25T14:46:47.058263
30	要求纠正限制人员流动的不合理措施	265184	新	2020-06-25T14:46:47.058418
31	医学生怎么吃西瓜	264429		2020-06-25T14:46:47.058575
32	秦昊错位图	256834		2020-06-25T14:46:47.058698
33	李梦颜值	250038		2020-06-25T14:46:47.058820
34	北京确诊外卖员担心连累大家	215118		2020-06-25T14:46:47.058943
35	国防部回应中印边境冲突	211852		2020-06-25T14:46:47.059066
36	北京一男子寻求刺激谎称核酸阳性	211450		2020-06-25T14:46:47.059190
37	吴昕校园风写真	198057		2020-06-25T14:46:47.059314
38	THE9端午手绘	197484		2020-06-25T14:46:47.059437
39	青岛游客海里捡鲍鱼被要500块	182225		2020-06-25T14:46:47.059561
40	电饭煲粽子	176104	新	2020-06-25T14:46:47.059684
41	北京冰雹	175709		2020-06-25T14:46:47.059839
42	岳云鹏 我都不知道那么多人亲过我	173589		2020-06-25T14:46:47.059963
43	黄子韬薄荷绿发色	173069	新	2020-06-25T14:46:47.060107
44	真实的缉毒现场	168496		2020-06-25T14:46:47.060241
45	端午节	162873		2020-06-25T14:46:47.060319
46	杂技演员雪山之巅表演绝活	149906	新	2020-06-25T14:46:47.060396
47	端午粽子大赛	148924	新	2020-06-25T14:46:47.060493
48	奶牛们集体撸猫	148600		2020-06-25T14:46:47.060593
49	猫猫能听懂人话吗	142027		2020-06-25T14:46:47.060676
50	粽子短暂爱了我一下	129138		2020-06-25T14:46:47.060758
