排名	关键词	热度	特征	时间
1	芒种	2661393	新	2020-06-05T01:56:38.262719
2	乃万成立工作室	1471924		2020-06-05T01:56:38.263016
3	陈若仪和妈妈的对话	1186190	沸	2020-06-05T01:56:38.263218
4	美国新冠肺炎超186万例	870368	新	2020-06-05T01:56:38.263425
5	THE9背影照	839378		2020-06-05T01:56:38.263628
6	世卫组织将更新口罩使用指南	751910	新	2020-06-05T01:56:38.263794
7	婆婆和妈妈	522105		2020-06-05T01:56:38.263996
8	牛奶酸菜鱼	379530	沸	2020-06-05T01:56:38.264208
9	教育部倡议在校用餐尽量自备餐具	350265		2020-06-05T01:56:38.264402
10	山东东西部温差为啥超25度	325467		2020-06-05T01:56:38.264575
11	爱奇艺回应庭审曝光原告观影记录	312446		2020-06-05T01:56:38.264745
12	英国规定乘坐公共交通工具必须戴口罩	310140	新	2020-06-05T01:56:38.264915
13	王思聪旗下熊猫互娱破产拍卖	308647	热	2020-06-05T01:56:38.265121
14	三门峡发现600多座古墓葬	307119		2020-06-05T01:56:38.265324
15	美国示威者要求警察戴口罩	306248		2020-06-05T01:56:38.265490
16	GAI莲花	304415	新	2020-06-05T01:56:38.265654
17	广东独臂篮球少年视频回应库里	302657	新	2020-06-05T01:56:38.265842
18	田柾国Still With You	300368	新	2020-06-05T01:56:38.266039
19	钟美美班主任回应	298796		2020-06-05T01:56:38.266229
20	Epic本周免费游戏胡闹厨房	298072	新	2020-06-05T01:56:38.266389
21	姜潮赞成二胎随麦迪娜姓	296192		2020-06-05T01:56:38.266582
22	2分钟回顾上海杀妻冰柜藏尸案	289690		2020-06-05T01:56:38.266746
23	春日宴	284159		2020-06-05T01:56:38.266914
24	从零开始的美国黑人生活	255456	新	2020-06-05T01:56:38.267070
25	梦回东宫礼裙	225663		2020-06-05T01:56:38.267263
26	救人男子被跳楼者砸伤昏迷	223216		2020-06-05T01:56:38.267422
27	日本计划2021年开始全民接种新冠疫苗	196298		2020-06-05T01:56:38.267585
28	月上重火	187247		2020-06-05T01:56:38.267756
29	外交部回应美暂停中国飞美客运航班	184424		2020-06-05T01:56:38.267912
30	为穿上校服小脸都在使劲	181846		2020-06-05T01:56:38.268100
31	弗洛伊德	177422		2020-06-05T01:56:38.268269
32	腾讯会议崩了	167848		2020-06-05T01:56:38.268389
33	福建为湖北籍应届毕业生发补贴	164770		2020-06-05T01:56:38.268508
34	外交部回应英国首相涉港言论	160665		2020-06-05T01:56:38.268635
35	阴阳师	159784		2020-06-05T01:56:38.268762
36	我是唱作人	151288		2020-06-05T01:56:38.268884
37	食物语	143268		2020-06-05T01:56:38.269002
38	密室大逃脱	138839		2020-06-05T01:56:38.269119
39	上海杀妻藏尸案受害者父亲回应	114083		2020-06-05T01:56:38.269237
40	呷哺呷哺被列为被执行人	112674		2020-06-05T01:56:38.269365
41	当刑警路遇戴口罩逃犯	107052		2020-06-05T01:56:38.269490
42	起诉爱奇艺用户再发声	94739		2020-06-05T01:56:38.269616
43	少林武僧飞檐走壁消毒杀菌	88016		2020-06-05T01:56:38.269740
44	爸爸给妈妈写的情书	85346		2020-06-05T01:56:38.269865
45	综艺中的出圈梗	62660		2020-06-05T01:56:38.270009
46	奥巴马就美国暴乱发声	58600		2020-06-05T01:56:38.270129
47	欧洲疯抢中国自行车	55948		2020-06-05T01:56:38.270253
48	美国最大国旗被撕坏	49393		2020-06-05T01:56:38.270375
49	洗衣机演奏哈利波特主题曲	46413		2020-06-05T01:56:38.270495
50	乘风破浪的姐姐第四组阵容	35448		2020-06-05T01:56:38.270621
