排名	关键词	热度	特征	时间
1	郭麒麟问虞书欣怎么总卖萌	2597282	热	2020-09-25T09:41:49.731902
2	特朗普被侄女起诉	1711650	新	2020-09-25T09:41:49.732041
3	先行者即刻启航	1538824	荐	2020-09-25T09:41:49.732143
4	林更新在线收赵又廷丑照	1379291		2020-09-25T09:41:49.732254
5	敦煌陷阱公厕4人涉强迫交易被刑拘	1370610	新	2020-09-25T09:41:49.732346
6	我的生活视频记录	1252997	荐	2020-09-25T09:41:49.732459
7	家庭烧烤时爬来50多只大螃蟹	1197649	新	2020-09-25T09:41:49.732567
8	娜扎是单眼皮还是双眼皮	1065324	热	2020-09-25T09:41:49.732674
9	外卖小哥16秒停住失控汽车	1008647		2020-09-25T09:41:49.732782
10	iOS14.0.1	997998	沸	2020-09-25T09:41:49.732872
11	蒋劲夫身材	987608	热	2020-09-25T09:41:49.732981
12	国航客机一乘客自杀身亡	922792	沸	2020-09-25T09:41:49.733089
13	撒娇是察觉到了被偏爱的可能	518337		2020-09-25T09:41:49.733187
14	国家一级演员田蕤涉嫌猥亵	422183	热	2020-09-25T09:41:49.733276
15	百草枯不得在境内销售	366208		2020-09-25T09:41:49.733383
16	南师大学生宿舍死亡排除他杀	360701		2020-09-25T09:41:49.733473
17	985头	328774		2020-09-25T09:41:49.733562
18	包饺子太可爱了	328587	新	2020-09-25T09:41:49.733651
19	东京奥运会各代表团升旗仪式被取消	326739	新	2020-09-25T09:41:49.733758
20	浓眉崴脚	325879		2020-09-25T09:41:49.733865
21	赵露思 怎么又是你	324694		2020-09-25T09:41:49.733953
22	河豚生气时一下一下充气	324137	新	2020-09-25T09:41:49.734041
23	女性独居要注意的问题	323247	新	2020-09-25T09:41:49.734155
24	用绿茶语气和男朋友说话	321771		2020-09-25T09:41:49.734269
25	小学生不做作业晚上被爸爸丢坟地	321050		2020-09-25T09:41:49.734361
26	黄鸿升遗体今日火化	319304	新	2020-09-25T09:41:49.734456
27	刘亦菲 臭美的台前幕后	318634		2020-09-25T09:41:49.734567
28	中国卫星图案被印上外国货币	317890	新	2020-09-25T09:41:49.734660
29	辽宁舰入列以来高光时刻	313385		2020-09-25T09:41:49.734771
30	特朗普瞻仰金斯伯格遗体	313140		2020-09-25T09:41:49.734863
31	袁冰妍芭莎大片	313133		2020-09-25T09:41:49.734955
32	张子枫新生合影	313071		2020-09-25T09:41:49.735047
33	金鹰女神候选名单	296070		2020-09-25T09:41:49.735139
34	夺冠上映	258041		2020-09-25T09:41:49.735230
35	特朗普暗示或强推疫苗在大选前上市	255779		2020-09-25T09:41:49.735322
36	迪丽热巴野生眉	255397		2020-09-25T09:41:49.735415
37	996头	254986		2020-09-25T09:41:49.735506
38	陈伟霆紫发	248745		2020-09-25T09:41:49.735599
39	摩洛哥王子 糊弄学	245220	新	2020-09-25T09:41:49.735690
40	没想到动画成真了	220836		2020-09-25T09:41:49.735801
41	最后的乌壶传承人找不到徒弟	217322	新	2020-09-25T09:41:49.735893
42	错换人生28年案原告获10万医疗赔偿	216399	新	2020-09-25T09:41:49.736014
43	乐业隧道塌方14天9名被困者仍未救出	208353	新	2020-09-25T09:41:49.736131
44	空中吃零食看电视	206587	新	2020-09-25T09:41:49.736243
45	职场摸鱼指南	200162	新	2020-09-25T09:41:49.736353
46	新冠疫苗工作进展	194893	新	2020-09-25T09:41:49.736463
47	天安门向大兴机场赠送国旗	191490	新	2020-09-25T09:41:49.736573
48	郑秀妍书中感谢男友权宁一	185705	新	2020-09-25T09:41:49.736686
49	王子异科目二没过	181332		2020-09-25T09:41:49.736800
50	Ning	181028		2020-09-25T09:41:49.736892
