排名	关键词	热度	特征	时间
1	丁禹兮牵着郑乃馨出场	2993566	沸	2020-06-20T17:51:43.935053
2	康佰馨大药房售假口罩董事长获刑	2209927	新	2020-06-20T17:51:43.935195
3	宋茜控场	1912395	新	2020-06-20T17:51:43.935312
4	被尤长靖笑死	1179919	新	2020-06-20T17:51:43.935426
5	快乐大本营	1157475		2020-06-20T17:51:43.935537
6	董又霖谈甘蔗男人设	880782	荐	2020-06-20T17:51:43.935626
7	日环食	856721	沸	2020-06-20T17:51:43.935734
8	乘风破浪的耕地小伙	668790		2020-06-20T17:51:43.935842
9	中央将在香港设立维护国家安全公署	661132	沸	2020-06-20T17:51:43.935928
10	金秀贤腹肌	660578	沸	2020-06-20T17:51:43.936050
11	10岁确诊男孩说住院就是换个地儿学习	660354		2020-06-20T17:51:43.936161
12	创造营	659782		2020-06-20T17:51:43.936249
13	梁艳萍被取消研究生导师资格	657957		2020-06-20T17:51:43.936336
14	大学生研发红外线无接式触电梯按钮	648168		2020-06-20T17:51:43.936423
15	幸福触手可及	646423		2020-06-20T17:51:43.936508
16	香港特区政府全力支持香港国安法	639467	新	2020-06-20T17:51:43.936593
17	潘粤明道歉	634166	新	2020-06-20T17:51:43.936699
18	你的618快递可能被烧	627288		2020-06-20T17:51:43.936804
19	这是切到番茄的大动脉吗	623682		2020-06-20T17:51:43.936890
20	肖战	620778	新	2020-06-20T17:51:43.936974
21	博尔顿称特朗普不适合当总统	569180		2020-06-20T17:51:43.937081
22	被夏静怡气死	468186		2020-06-20T17:51:43.937166
23	周鹏复出	452061		2020-06-20T17:51:43.937251
24	京辽大战	431352		2020-06-20T17:51:43.937335
25	王俊凯发长文告别我们的乐队	404007	新	2020-06-20T17:51:43.937418
26	周深郎朗 幽灵公主	370648	新	2020-06-20T17:51:43.937525
27	10年前刷屏的棒棒父子现状	361895	新	2020-06-20T17:51:43.937632
28	北京防疫不能照搬武汉中医药方剂	333008		2020-06-20T17:51:43.937739
29	黄果树瀑布的洪荒之力	325022		2020-06-20T17:51:43.937825
30	ice queen舞台	323474		2020-06-20T17:51:43.937910
31	王智老公长文告白	322468		2020-06-20T17:51:43.937993
32	男生课间为前座女同学编马尾	318334		2020-06-20T17:51:43.938077
33	父亲节文案	296058	新	2020-06-20T17:51:43.938161
34	三叉戟	294914		2020-06-20T17:51:43.938266
35	任豪赵粤摸脸杀	292999		2020-06-20T17:51:43.938351
36	张云龙走担	292525		2020-06-20T17:51:43.938436
37	宋凛周放贴身热舞	290865		2020-06-20T17:51:43.938520
38	方方	250259		2020-06-20T17:51:43.938602
39	强生停售美白产品	225013		2020-06-20T17:51:43.938685
40	黑豹演员被送医	220442		2020-06-20T17:51:43.938768
41	何超仪发文缅怀赌王	218389		2020-06-20T17:51:43.938853
42	济南一小区22楼扔下自行车	202227		2020-06-20T17:51:43.938935
43	2020年电视的作用	170716		2020-06-20T17:51:43.939019
44	高校毕业生宿舍门口卖书一天7吨	164797		2020-06-20T17:51:43.939105
45	停车场改建宴会厅打掉12根承重柱	163034		2020-06-20T17:51:43.939191
46	丛明晨撞倒林书豪	160611		2020-06-20T17:51:43.939276
47	武汉派医疗队员驰援北京	151109		2020-06-20T17:51:43.939360
48	2分钟带你看懂日环食	147927	新	2020-06-20T17:51:43.939444
49	西班牙人 莱万特	81968		2020-06-20T17:51:43.939550
50	海鲜在内所有食物不会感染冠状病毒	71500		2020-06-20T17:51:43.939635
