排名	关键词	热度	特征	时间
1	当当网报警	4717191	新	2020-04-26T11:57:38.674572
2	李国庆发告全体员工书	1993157	新	2020-04-26T11:57:38.674753
3	李国庆 当当	1658078		2020-04-26T11:57:38.674903
4	全国首例假冒LV等箱包原材料案告破	1366681		2020-04-26T11:57:38.675021
5	李荣浩 什么时候弹舌头了啊	1306227	热	2020-04-26T11:57:38.675136
6	杭州小学生戴一米帽上课	1182549		2020-04-26T11:57:38.675277
7	持湖北绿码学生返校前排查呈阳性	1103691	新	2020-04-26T11:57:38.675391
8	五一全国穿衣地图	889091	新	2020-04-26T11:57:38.675532
9	约翰逊下周一恢复工作	836079		2020-04-26T11:57:38.675669
10	当当网称公章已作废	834075	新	2020-04-26T11:57:38.675783
11	韩国7000余人露天考试考卷被吹走	814780		2020-04-26T11:57:38.675922
12	郭敬明	683682	热	2020-04-26T11:57:38.676034
13	杨超越给iG加油	618418	新	2020-04-26T11:57:38.676184
14	喻言R&B All Night直拍	526747		2020-04-26T11:57:38.676332
15	中国出口口罩价格符合市场原则	526746	新	2020-04-26T11:57:38.676444
16	孙红雷点赞	524455	热	2020-04-26T11:57:38.676581
17	常程道歉	522837	新	2020-04-26T11:57:38.676731
18	总感觉今天是周一	522013	新	2020-04-26T11:57:38.676890
19	当小朋友被老师说长胖了	520601	新	2020-04-26T11:57:38.677046
20	哈尔滨女子散布隔离点坍塌谣言被行拘	519517	新	2020-04-26T11:57:38.677203
21	综艺里最意难平的淘汰	511305		2020-04-26T11:57:38.677359
22	孔雪儿舞蹈	483831		2020-04-26T11:57:38.677482
23	我和我妈眼中我的房间	439674	新	2020-04-26T11:57:38.677606
24	月嫂多次咳嗽雇主一家确诊新冠	437080	热	2020-04-26T11:57:38.677759
25	屋顶	410178		2020-04-26T11:57:38.677914
26	福建开学时间	386716		2020-04-26T11:57:38.678037
27	叶安婷	371284		2020-04-26T11:57:38.678159
28	虞书欣练习室直拍	333816		2020-04-26T11:57:38.678283
29	小学生每天线上学习不超2.5小时	333709		2020-04-26T11:57:38.678404
30	iG TES	333644	新	2020-04-26T11:57:38.678516
31	我的论文修改走向	330434	新	2020-04-26T11:57:38.678657
32	英男子居家避疫买彩票中5800万英镑	307455		2020-04-26T11:57:38.678797
33	女生眉毛淡的烦恼	296043	新	2020-04-26T11:57:38.678915
34	华春莹发推反击美共和党甩锅中国剧本	290366		2020-04-26T11:57:38.679070
35	郑爽蝴蝶结造型	287784		2020-04-26T11:57:38.679194
36	因为打错电话闹出的笑话	287701		2020-04-26T11:57:38.679318
37	四川绵阳山火	284541	新	2020-04-26T11:57:38.679440
38	武汉在院新冠肺炎患者清零	265459		2020-04-26T11:57:38.679594
39	鼻炎到底有多烦人	260878	新	2020-04-26T11:57:38.679715
40	iPhone12将错峰发布	250565		2020-04-26T11:57:38.679868
41	南太平洋岛国零确诊称应感谢中国	236863	新	2020-04-26T11:57:38.679990
42	穿校服自成风景线的爱豆	236358	新	2020-04-26T11:57:38.680144
43	哆啦A梦官方壁纸	236264		2020-04-26T11:57:38.680321
44	安徽合肥小学复课第一天	228907	新	2020-04-26T11:57:38.680411
45	立体线条礼服	224840	新	2020-04-26T11:57:38.680517
46	全国各地区最低工资标准	224744		2020-04-26T11:57:38.680624
47	国家重大公共卫生事件医学中心落户武汉	204178	新	2020-04-26T11:57:38.680708
48	对话错换人生28年事件当事人	173374		2020-04-26T11:57:38.680813
49	用手机把胶卷拍的老照片显出来	117799	新	2020-04-26T11:57:38.680896
50	动画形象现实中什么样	115694	新	2020-04-26T11:57:38.681002
