排名	关键词	热度	特征	时间
1	李佳琦小助理回来了	5258864	热	2020-06-01T16:55:38.393299
2	印度泰姬陵遭雷暴重击	1858939	热	2020-06-01T16:55:38.393442
3	我要做一天小孩子	1823181	荐	2020-06-01T16:55:38.393570
4	小虎安然分手	1813675	热	2020-06-01T16:55:38.393693
5	华盛顿	1794405	沸	2020-06-01T16:55:38.393815
6	能拍出银河的手机	1778541	荐	2020-06-01T16:55:38.393934
7	美国至少15个州已启用国民警卫队	1755712	新	2020-06-01T16:55:38.394056
8	传闻中的陈芊芊	1328123	新	2020-06-01T16:55:38.394177
9	戴萌 许佳琪	1217898	热	2020-06-01T16:55:38.394296
10	宋凛周放牵手	1067865	新	2020-06-01T16:55:38.394418
11	陈小春二胎儿子正面照	962428	热	2020-06-01T16:55:38.394538
12	新疆维吾尔自治区政府副主席任华被查	874606		2020-06-01T16:55:38.394657
13	58岁女子玩儿童滑梯骨折被判担主责	866312	新	2020-06-01T16:55:38.394755
14	康辉回归新闻联播	728745		2020-06-01T16:55:38.394875
15	虞书欣 别爱我我作得很	690003	热	2020-06-01T16:55:38.394968
16	博士生在派出所完成线上答辩	661541		2020-06-01T16:55:38.395088
17	难听	657625	热	2020-06-01T16:55:38.395181
18	薇娅直播	650443		2020-06-01T16:55:38.395299
19	梁博直播	644489		2020-06-01T16:55:38.395394
20	西安一高校跨学年催收学费	622089	新	2020-06-01T16:55:38.395487
21	美国白宫附近多地起火	538875		2020-06-01T16:55:38.395606
22	乐队的夏天	525625		2020-06-01T16:55:38.395701
23	杨天真将卸任所有艺人经纪业务	516681	热	2020-06-01T16:55:38.395793
24	42岁支援绥芬河医生心脏骤停去世	514162	新	2020-06-01T16:55:38.395913
25	欧盟考虑向7万家大公司征税	501614	新	2020-06-01T16:55:38.396046
26	海豹原来是毛绒的	496853	新	2020-06-01T16:55:38.396168
27	陈芊芊表白韩烁	422179		2020-06-01T16:55:38.396286
28	美国旧金山实施宵禁	393865	新	2020-06-01T16:55:38.396381
29	海南放宽离岛免税购物额度	368581	新	2020-06-01T16:55:38.396498
30	赵立坚回击美称中国无能致全世界受难	348369		2020-06-01T16:55:38.396615
31	三叉戟	329938		2020-06-01T16:55:38.396709
32	箜篌少女礼裙	323669		2020-06-01T16:55:38.396802
33	武汉抗疫一线医护子女中考加10分	319282	新	2020-06-01T16:55:38.396895
34	马尔代夫计划7月起重新开放边境	310470	新	2020-06-01T16:55:38.397014
35	没有WiFi的童年是什么样	290895		2020-06-01T16:55:38.397132
36	微贷网退出网贷	289087		2020-06-01T16:55:38.397227
37	美股	285807	新	2020-06-01T16:55:38.397320
38	矿业巨头炸毁4.6万年历史岩洞遗址	283536		2020-06-01T16:55:38.397438
39	盲童练琴5年钢琴十级	277850	新	2020-06-01T16:55:38.397533
40	成年人的儿童节状态	274019		2020-06-01T16:55:38.397653
41	香港撑国安立法收集到近300万人签名	262676		2020-06-01T16:55:38.397745
42	京骂被列为不文明行为治理	244617		2020-06-01T16:55:38.397842
43	张志超申请780万国家赔偿	243713		2020-06-01T16:55:38.397936
44	李荣浩叫张艺兴阿莲	228974		2020-06-01T16:55:38.398030
45	东莞龙吸水	219993		2020-06-01T16:55:38.398123
46	幸福触手可及预告	218808	新	2020-06-01T16:55:38.398217
47	全国招募3.2万名高校毕业生到基层	218418	新	2020-06-01T16:55:38.398337
48	夫妻间办车辆变更登记需结婚满一年	218412		2020-06-01T16:55:38.398457
49	忘记28年房子现住户正搬离	212181		2020-06-01T16:55:38.398552
50	外交部三个坚定不移回应美方	202494	新	2020-06-01T16:55:38.398647
