排名	关键词	热度	特征	时间
1	请回答1988珍珠近照	138557	沸	2020-09-17T21:57:33.315361
2	河南出土青铜壶内不明液体被查明	109551		2020-09-17T21:57:33.315543
3	王霏霏出圈实红	101915	荐	2020-09-17T21:57:33.315671
4	武汉抗疫护士和丈夫看演出双双身亡	100123		2020-09-17T21:57:33.315832
5	刘洋出轨	97278	热	2020-09-17T21:57:33.315949
6	印度	96107	沸	2020-09-17T21:57:33.316111
7	秦霄贤最讨厌被叫富二代	88006		2020-09-17T21:57:33.316253
8	院方回应患者遵医嘱服用十倍药进ICU	87905		2020-09-17T21:57:33.316370
9	鲍某某涉嫌性侵案调查情况	87873	沸	2020-09-17T21:57:33.316486
10	我喜欢你	87863		2020-09-17T21:57:33.316626
11	最美逆行者	78544		2020-09-17T21:57:33.316752
12	张靓颖 退一步会蹬鼻子上脸	65210		2020-09-17T21:57:33.316881
13	金鹰奖第二轮评选结果	52488		2020-09-17T21:57:33.317010
14	特朗普与美疾控中心再现分歧	50842		2020-09-17T21:57:33.317137
15	原来龙猫打伞是真的	50756		2020-09-17T21:57:33.317262
16	骑车被拉倒摔伤女孩父亲发声	48434		2020-09-17T21:57:33.317385
17	大一新生军训用板凳碾被子	48257		2020-09-17T21:57:33.317509
18	江西要求全面取消校园全封闭管理	48080		2020-09-17T21:57:33.317632
19	今年月饼相关企业增近1300家	47525		2020-09-17T21:57:33.317758
20	岳云鹏被郭德纲夸哭了	47395		2020-09-17T21:57:33.317882
21	亲爱的自己	46982		2020-09-17T21:57:33.318013
22	肖宁 我是来请战的	46867		2020-09-17T21:57:33.318137
23	沉默的真相	46129		2020-09-17T21:57:33.318260
24	外交部回应TikTok交易需中美两国批准	45740		2020-09-17T21:57:33.318384
25	平凡的荣耀	45558		2020-09-17T21:57:33.318507
26	原来李荣浩出道才七年	43794		2020-09-17T21:57:33.318632
27	陈一鸣拎包结婚	38243		2020-09-17T21:57:33.318756
28	微博保护逝者账号	37580		2020-09-17T21:57:33.318880
29	9月是接种流感疫苗最佳时机	37251		2020-09-17T21:57:33.319004
30	S10主题曲MV	37012		2020-09-17T21:57:33.319133
31	怪物猎人	34832		2020-09-17T21:57:33.319256
32	喜欢一个人后会有多卑微	34146		2020-09-17T21:57:33.319379
33	孙弈秋背后的男人	31910		2020-09-17T21:57:33.319501
34	长安诺	31622		2020-09-17T21:57:33.319624
35	华院长原型是张定宇院长	29820		2020-09-17T21:57:33.319752
36	一只鸟能坏到什么程度	24102		2020-09-17T21:57:33.319877
37	吴恪之被迫道歉	23810		2020-09-17T21:57:33.319999
38	大唐不夜城不倒翁小姐姐结婚了	23148		2020-09-17T21:57:33.320142
39	BLACKPINK登美版ELLE	22199		2020-09-17T21:57:33.320276
40	三个纸杯讲一个哆啦A梦的故事	20817		2020-09-17T21:57:33.320367
41	烟台公安回应民警办案生硬	20350		2020-09-17T21:57:33.320452
42	少数民族颜值图鉴	19638		2020-09-17T21:57:33.320540
43	广州七彩祥云	19040		2020-09-17T21:57:33.320625
44	唐嫣生图	18278		2020-09-17T21:57:33.320715
45	LGD DYG	17983		2020-09-17T21:57:33.320809
46	PDD复播	17893		2020-09-17T21:57:33.320901
47	四川发现褪色小熊猫	15744		2020-09-17T21:57:33.320994
48	违规变更韩某某户籍年龄12人被处理	14886		2020-09-17T21:57:33.321087
49	微信粤语语音可转文字	14575		2020-09-17T21:57:33.321180
50	承煦请茗玉喝喜酒	14349		2020-09-17T21:57:33.321274
