排名	关键词	热度	特征	时间
1	郭碧婷 身边的人总是无下限的消费你	2031389	热	2020-06-10T01:36:58.166447
2	海航回应HU7380航班返航	1456009	新	2020-06-10T01:36:58.166631
3	下半年靠什么翻身	1391925	荐	2020-06-10T01:36:58.166785
4	佐佐木希老公出轨	1164718	新	2020-06-10T01:36:58.166943
5	王嘉尔体重	957307		2020-06-10T01:36:58.167105
6	林湘人设	774982		2020-06-10T01:36:58.167231
7	海航三亚飞北京航班风挡裂纹返航	696115		2020-06-10T01:36:58.167356
8	被结婚女子结婚离婚记录已撤销	588046		2020-06-10T01:36:58.167480
9	中北大学校长称老师做法并无不妥	548603	沸	2020-06-10T01:36:58.167603
10	弗洛伊德葬礼	414873		2020-06-10T01:36:58.167759
11	怪你过分美丽 想看不敢看	378268		2020-06-10T01:36:58.167881
12	郑爽为工作人员发声	349525		2020-06-10T01:36:58.168021
13	秦岚演技	330170		2020-06-10T01:36:58.168152
14	当患有唐氏的哥哥看到妹妹	310486		2020-06-10T01:36:58.168276
15	美国务院拟重启驻武汉总领馆	306759	新	2020-06-10T01:36:58.168400
16	补考作弊被抓坠亡大学生家属再发声	303014		2020-06-10T01:36:58.168556
17	布隆迪总统因心脏病去世	296672	新	2020-06-10T01:36:58.168682
18	QiuQiu	294435		2020-06-10T01:36:58.168836
19	在家做饭未关窗被雷击倒	290742		2020-06-10T01:36:58.168959
20	李易峰军训后遗症	286750		2020-06-10T01:36:58.169083
21	21楼扔3块瓷砖砸伤2人被批捕	285470		2020-06-10T01:36:58.169208
22	退休老师刷光饭卡请学生吃食堂	267051		2020-06-10T01:36:58.169333
23	白敬亭腰围	266639		2020-06-10T01:36:58.169457
24	拜托了冰箱	202388		2020-06-10T01:36:58.169580
25	长沙暴雨	202315		2020-06-10T01:36:58.169705
26	30度高温天穿夹克考试	186997		2020-06-10T01:36:58.169832
27	天黑黑听哭	183494		2020-06-10T01:36:58.169956
28	孙燕姿光脚唱逆光	177209		2020-06-10T01:36:58.170080
29	三叉戟	125724		2020-06-10T01:36:58.170205
30	王府井获得免税品经营资质	124376		2020-06-10T01:36:58.170331
31	大熊猫星二逃离哥本哈根动物园	122985		2020-06-10T01:36:58.170455
32	孙燕姿直播	121255		2020-06-10T01:36:58.170580
33	朱一龙瘦了	118228		2020-06-10T01:36:58.170704
34	黑龙江遭虐打四岁女童出院	115176		2020-06-10T01:36:58.170831
35	父亲行李箱装大蒜探望女儿	104371		2020-06-10T01:36:58.170954
36	俄外交部发言人说美国正在自食恶果	104102		2020-06-10T01:36:58.171081
37	那些年你读错的名字	98180		2020-06-10T01:36:58.171203
38	这些职业资格考试延期	96824		2020-06-10T01:36:58.171328
39	交警暴雨中逆行狂奔为救护车开道	93615		2020-06-10T01:36:58.171455
40	评论杨丽萍网友回应	86809		2020-06-10T01:36:58.171578
41	玉渊潭回应管理员劝阻野泳被推下水	85602		2020-06-10T01:36:58.171703
42	Knight皎月14杀	78471		2020-06-10T01:36:58.171828
43	武汉至北京首趟复飞航班	75264	新	2020-06-10T01:36:58.171952
44	苏屿山拉拢周放	73284		2020-06-10T01:36:58.172126
45	又一诺奖得主为中国发声	72479		2020-06-10T01:36:58.172233
46	十日游戏	67455		2020-06-10T01:36:58.172321
47	THE9正面照	67201		2020-06-10T01:36:58.172406
48	七彩爆汁鸡肉	60893		2020-06-10T01:36:58.172491
49	肖战 西装	59680		2020-06-10T01:36:58.172574
50	台湾	45367		2020-06-10T01:36:58.172657
