排名	关键词	热度	特征	时间
1	张继科和镜子里动作不一样	2026713	沸	2020-08-01T18:42:49.050061
2	警方发现在青海失联女大学生遗骸	1702712	沸	2020-08-01T18:42:49.050241
3	字节跳动同意剥离TIKTOK美国业务	1383384	沸	2020-08-01T18:42:49.050394
4	小鸡长在王一博笑点上	1373809	沸	2020-08-01T18:42:49.050544
5	刘忻为了乐夏拒绝乘风破浪	1268065	新	2020-08-01T18:42:49.050686
6	5人出游唯一生还者发声	733562	热	2020-08-01T18:42:49.050829
7	691分考入清华暑期搬砖打工	649003	沸	2020-08-01T18:42:49.050974
8	TikTok明星博主向粉丝道别	570439		2020-08-01T18:42:49.051119
9	伊朗称逮捕了美国支持的恐怖组织头目	416025		2020-08-01T18:42:49.051231
10	武汉火神山医院的设备仍在原地列队	415293	新	2020-08-01T18:42:49.051346
11	周迅被野孩子唱哭	414807	新	2020-08-01T18:42:49.051489
12	父亲回应留守女儿选北大考古专业	414500		2020-08-01T18:42:49.051642
13	云南吃菌中毒死亡人数超过新冠	414144	热	2020-08-01T18:42:49.051773
14	这就是街舞	410248		2020-08-01T18:42:49.051933
15	快乐大本营	374847		2020-08-01T18:42:49.052085
16	林有有许幻山	374302	热	2020-08-01T18:42:49.052215
17	张艺兴教王一博跳Krump	352027	新	2020-08-01T18:42:49.052373
18	大连一1个月婴儿确诊	344100	新	2020-08-01T18:42:49.052528
19	苹果中国区商店半天下架近3万款应用	326664		2020-08-01T18:42:49.052683
20	当代人的现状	324932	新	2020-08-01T18:42:49.052808
21	白举纲被专业乐迷质疑	324932	新	2020-08-01T18:42:49.052963
22	乐队的夏天	324929		2020-08-01T18:42:49.053117
23	疫情期间拉邻居到家喝酒2人被拘	278932		2020-08-01T18:42:49.053242
24	明日之子	266643		2020-08-01T18:42:49.053365
25	五公	249467		2020-08-01T18:42:49.053486
26	尹正R1SE热舞	234639	新	2020-08-01T18:42:49.053610
27	胡宇桐终于把话说开了	227622		2020-08-01T18:42:49.053763
28	航空兵双语警告接近台海领空美军机	215690	新	2020-08-01T18:42:49.053885
29	福奇否认中国威胁美国疫苗	208666		2020-08-01T18:42:49.054039
30	今年4号台风黑格比	206754		2020-08-01T18:42:49.054167
31	小鬼舞台	203065		2020-08-01T18:42:49.054289
32	老师别再用全景相机拍照了	196803		2020-08-01T18:42:49.054411
33	高考后扎堆做近视手术	163955		2020-08-01T18:42:49.054533
34	特朗普将禁止TikTok在美国运营	157182		2020-08-01T18:42:49.054656
35	南京一应届毕业女生失联超21天	156766		2020-08-01T18:42:49.054778
36	警方通报铁笼溺水男子生前轨迹	156392		2020-08-01T18:42:49.054901
37	肖枫三观	152411		2020-08-01T18:42:49.055022
38	今年十五月亮十四圆	129543		2020-08-01T18:42:49.055144
39	原来河马在水里是这样的	122095		2020-08-01T18:42:49.055266
40	LPL夏季赛	115952		2020-08-01T18:42:49.055389
41	蓝盈莹 希怡的眼神杀过来	114843		2020-08-01T18:42:49.055511
42	三十而已	114614		2020-08-01T18:42:49.055634
43	农夫山泉获准上市	114047		2020-08-01T18:42:49.055756
44	黄晓明脱妆	112182		2020-08-01T18:42:49.055879
45	香港连续11天单日新增超百例	105924		2020-08-01T18:42:49.056016
46	天津暴雨	100113		2020-08-01T18:42:49.056145
47	阿朵 这才是最奢侈的	95582		2020-08-01T18:42:49.056254
48	OMG iG	89743		2020-08-01T18:42:49.056339
49	武汉灯光秀致敬最可爱的人	89249		2020-08-01T18:42:49.056428
50	DYG战胜QG	84177	新	2020-08-01T18:42:49.056522
