排名	关键词	热度	特征	时间
1	深圳遭下药女子再回应	2353147	热	2020-08-03T12:36:56.155211
2	鸡蛋价格一个月飙涨逾六成	1403502	新	2020-08-03T12:36:56.155388
3	realme真我V5	1307594	荐	2020-08-03T12:36:56.155551
4	云南九价HPV疫苗供货紧张	1289325	新	2020-08-03T12:36:56.155716
5	韩国25岁排球女将自杀	1012207	热	2020-08-03T12:36:56.155878
6	刑警介入南京女大学生失联事件	936017	新	2020-08-03T12:36:56.156052
7	刘亦菲钻石发箍	875850	沸	2020-08-03T12:36:56.156213
8	武汉地铁	848226		2020-08-03T12:36:56.156371
9	香港特区暂停港新移交逃犯协定	752767		2020-08-03T12:36:56.156496
10	海归女硕士包下2千亩荒山当农民	745365		2020-08-03T12:36:56.156621
11	美国首位换脸人逝世	637817		2020-08-03T12:36:56.156745
12	杨英格退赛	561455	新	2020-08-03T12:36:56.156867
13	美国百年高校永久关闭	543211		2020-08-03T12:36:56.157021
14	韩国摄像头职业猎人	542909	新	2020-08-03T12:36:56.157145
15	郑嘉颖二胎得子	512441		2020-08-03T12:36:56.157303
16	生活在树上	393960		2020-08-03T12:36:56.157428
17	男生如何对付林有有	390224		2020-08-03T12:36:56.157553
18	孙悦11投0中	387212	新	2020-08-03T12:36:56.157677
19	巴基斯坦电视被黑出印度国旗	382924	新	2020-08-03T12:36:56.157831
20	宋茜暗夜流光礼服裙	374562	新	2020-08-03T12:36:56.157986
21	陌生的恋人预告	371638	新	2020-08-03T12:36:56.158134
22	周扬青程晓玥吴千语同框	365876	热	2020-08-03T12:36:56.158278
23	武汉民警被晒出口罩脸	364312	新	2020-08-03T12:36:56.158418
24	黑格比	333457		2020-08-03T12:36:56.158558
25	考古女孩钟芳蓉连夜给樊锦诗回信	323267		2020-08-03T12:36:56.158670
26	小伙重拾失传高楼米线绝活	317243		2020-08-03T12:36:56.158783
27	被通缉乱港分子自称美国人	287667		2020-08-03T12:36:56.158894
28	小i机器人向苹果索赔100亿元	278364	新	2020-08-03T12:36:56.159005
29	芬兰女总理与相恋16年男友结婚	276184		2020-08-03T12:36:56.159152
30	见过最敷衍的动物园	276081		2020-08-03T12:36:56.159277
31	gidle新歌MV	273068	新	2020-08-03T12:36:56.159401
32	幻紫芋泥奶酪蛋挞	225493		2020-08-03T12:36:56.159556
33	基金	199057		2020-08-03T12:36:56.159680
34	钟南山成为共和国勋章建议人选	193502		2020-08-03T12:36:56.159803
35	高考作文考察学生什么能力	191703	新	2020-08-03T12:36:56.159926
36	广西一小学连续期末发鱼奖励学生	181317		2020-08-03T12:36:56.160103
37	王一博甜度测试	175724		2020-08-03T12:36:56.160228
38	央视主持人缅怀沈力	171487		2020-08-03T12:36:56.160349
39	男子驾摩托拒让行救护车被重罚	152590		2020-08-03T12:36:56.160453
40	本特利打瞌睡的样子	149294		2020-08-03T12:36:56.160539
41	吴亦凡 你先吧	139416		2020-08-03T12:36:56.160624
42	中科院院刊发文支持深圳等升直辖市	139274		2020-08-03T12:36:56.160708
43	武汉地铁回应站台门被撞碎	125430	新	2020-08-03T12:36:56.160794
44	世界濒临至少50年来最严重粮食危机	123141		2020-08-03T12:36:56.160905
45	第4号台风黑格比即将登陆	122899		2020-08-03T12:36:56.160998
46	美国一夏令营发生集体感染	122539		2020-08-03T12:36:56.161090
47	沈力遗体告别仪式	122109		2020-08-03T12:36:56.161182
48	紫禁城建成600年金银纪念币发行	112900		2020-08-03T12:36:56.161276
49	大连疫情可能始于海产品加工车间	112556		2020-08-03T12:36:56.161370
50	西班牙公司研发抗新冠床垫	112188		2020-08-03T12:36:56.161462
