排名	关键词	热度	特征	时间
1	吴奇隆被保安当成坏人按倒	3893805	热	2020-08-29T03:44:48.659504
2	美多所大学出现严重疫情	2969024		2020-08-29T03:44:48.659700
3	张含韵不垮少女颜	2951108	荐	2020-08-29T03:44:48.659825
4	黄晓明邀请赵丽颖参加姐姐2	2371798	新	2020-08-29T03:44:48.659979
5	潘玮柏方否认离婚	1928171	新	2020-08-29T03:44:48.660152
6	琉璃编剧	1021967	新	2020-08-29T03:44:48.660299
7	全盲女孩凭肌肉记忆弹奏悲怆奏鸣曲	764091		2020-08-29T03:44:48.660449
8	解放军在四大海域密集演练	706347		2020-08-29T03:44:48.660566
9	安倍称辞职如断肠之痛	697303		2020-08-29T03:44:48.660679
10	天空少年简称什么	694367		2020-08-29T03:44:48.660796
11	日本9月起解除外国人再入境限制	553440	新	2020-08-29T03:44:48.660913
12	警方通报小车冲过夜市撞飞数人	485095	新	2020-08-29T03:44:48.661058
13	徐老师和裤子分手	484688	热	2020-08-29T03:44:48.661212
14	2020高考暖心结局	483784		2020-08-29T03:44:48.661375
15	成都彩虹	483306		2020-08-29T03:44:48.661504
16	Last Dance舞台 Happy ending	482206		2020-08-29T03:44:48.661632
17	初级会计	481088	新	2020-08-29T03:44:48.661761
18	猫咪踮着脚开饮水机喝水	480476		2020-08-29T03:44:48.661918
19	动力电池迎来报废高峰期	479361		2020-08-29T03:44:48.662044
20	不要把手套随意晾窗户上	478123		2020-08-29T03:44:48.662170
21	徐圣恩没出道	477988		2020-08-29T03:44:48.662296
22	张一怀孕	386503		2020-08-29T03:44:48.662420
23	情链	371730	新	2020-08-29T03:44:48.662544
24	宝妈把婴儿放地上救心梗老人	352360	新	2020-08-29T03:44:48.662701
25	北海银滩近岸海域出现中华白海豚	349730	新	2020-08-29T03:44:48.662858
26	李希侃C位	315054		2020-08-29T03:44:48.663016
27	美国国防部长团队成员确诊新冠	295568	新	2020-08-29T03:44:48.663142
28	华为鸿蒙OS即将升级	275453		2020-08-29T03:44:48.663303
29	外交部回应向南海发射导弹报道	266922		2020-08-29T03:44:48.663430
30	李子璇舞台变自信了	266797		2020-08-29T03:44:48.663558
31	这蜡烛吹得挺突然的	256849		2020-08-29T03:44:48.663683
32	成都朝霞彩云彩虹相遇	214435	新	2020-08-29T03:44:48.663807
33	美国首次发现二次感染病例	214393	新	2020-08-29T03:44:48.663964
34	安倍晋三正式宣布辞职	194803		2020-08-29T03:44:48.664147
35	成都日出	189401		2020-08-29T03:44:48.664273
36	乌鲁木齐部分区县降至疫情低风险	169535		2020-08-29T03:44:48.664365
37	GALI不想跟暴扣一个队拒绝潘玮柏	164580		2020-08-29T03:44:48.664454
38	蓝盈莹自制总决赛番外	156944		2020-08-29T03:44:48.664542
39	以家人之名	156509		2020-08-29T03:44:48.664630
40	李尖尖主动吻凌霄	153590		2020-08-29T03:44:48.664715
41	李子柒花海美食	149331		2020-08-29T03:44:48.664801
42	梦见自己在天台一睁眼果然在	147070		2020-08-29T03:44:48.664885
43	中餐厅	145866		2020-08-29T03:44:48.664971
44	马斯克展示脑机接口新进展	142295	新	2020-08-29T03:44:48.665056
45	波尔津吉斯半月板撕裂	141614	新	2020-08-29T03:44:48.665169
46	李荣浩吃瓜吃到自己身上	141298	新	2020-08-29T03:44:48.665287
47	吴亦凡说小白是心里第一名	141243		2020-08-29T03:44:48.665406
48	大阪最大商业区多家药妆店关门	139978		2020-08-29T03:44:48.665501
49	雪梨直播	139005		2020-08-29T03:44:48.665594
50	凌霄病了	138790		2020-08-29T03:44:48.665688
