排名	关键词	热度	特征	时间
1	阿娇赖弘国分居协议内容	2665037	热	2020-05-10T13:57:37.319462
2	LV老板疫情期损失300亿美元	1211075	新	2020-05-10T13:57:37.319567
3	王一博燕京啤酒代言人	1055223	荐	2020-05-10T13:57:37.319657
4	女子将婴儿放花台在旁打工	1039808	新	2020-05-10T13:57:37.319743
5	男生给同桌女生夹了块肉	1032923	沸	2020-05-10T13:57:37.319827
6	范丞丞妈妈年轻照	928633		2020-05-10T13:57:37.319910
7	杨天真任青你X导师	814450	沸	2020-05-10T13:57:37.319978
8	黑龙江省新冠病毒核酸检测纳入医保	733070	新	2020-05-10T13:57:37.320060
9	奥巴马批评特朗普疫情应对	637594		2020-05-10T13:57:37.320142
10	深圳黑云吞没高楼大厦	595514		2020-05-10T13:57:37.320219
11	李宇春齐刘海长发	557253	热	2020-05-10T13:57:37.320287
12	别抱怨吃厌了妈妈做的饭	489233	新	2020-05-10T13:57:37.320369
13	中传回应研究生疑因被卡住论文坠亡	481834		2020-05-10T13:57:37.320451
14	知否美国播出	445827		2020-05-10T13:57:37.320517
15	创3主题曲MV	403915		2020-05-10T13:57:37.320582
16	成都昨天见彩虹今天见雪山	385866		2020-05-10T13:57:37.320649
17	上海快递员未按消费者意愿投送可投诉	364578		2020-05-10T13:57:37.320713
18	木村心美木村光希模仿爸妈	359393	新	2020-05-10T13:57:37.320778
19	沉迷刷单被骗30余万	354275	新	2020-05-10T13:57:37.320859
20	孟美岐银发	346596		2020-05-10T13:57:37.320941
21	陕西高三生与安保冲突	335100	新	2020-05-10T13:57:37.321007
22	沈阳一运钞车行驶中起火	329923	新	2020-05-10T13:57:37.321088
23	男孩3楼越窗逃生被众人接住	278839	新	2020-05-10T13:57:37.321169
24	天津师范大学	261666		2020-05-10T13:57:37.321250
25	少女时代合体参加经纪人婚礼	260029		2020-05-10T13:57:37.321315
26	创造营初C林君怡	255212		2020-05-10T13:57:37.321382
27	兴风作浪的姐姐们	245931		2020-05-10T13:57:37.321447
28	上晚自习停电后的反应	198724		2020-05-10T13:57:37.321512
29	美国疾控中心17页建议遭政府漠视	197413	新	2020-05-10T13:57:37.321577
30	张艺凡 泪失禁体质	197309		2020-05-10T13:57:37.321657
31	汪苏泷囤了4年卫生纸	197247		2020-05-10T13:57:37.321722
32	辽宁新增1例本土病例	196237		2020-05-10T13:57:37.321788
33	母亲节快乐	186183		2020-05-10T13:57:37.321852
34	英国首相不戴口罩穿行公园	179036		2020-05-10T13:57:37.321917
35	黄子韬互联网是有记忆的	178298		2020-05-10T13:57:37.321983
36	关晓彤公开蔬菜三明治教程	177664		2020-05-10T13:57:37.322049
37	妈妈眼里所有病的起源	176674		2020-05-10T13:57:37.322114
38	福州海关破获8亿黄金走私案	170632	新	2020-05-10T13:57:37.322178
39	武警扛起遮阳棚为迷路老人遮阳	164509	新	2020-05-10T13:57:37.322259
40	带妈妈去旅游有多幸福	163667	新	2020-05-10T13:57:37.322340
41	误入武汉的大连小伙到长沙又遇囧途	162970		2020-05-10T13:57:37.322420
42	脏脏向日葵蛋糕	155844		2020-05-10T13:57:37.322485
43	如何用AI修复一百年前影像	155775	新	2020-05-10T13:57:37.322550
44	武汉一餐厅疫情期送8000多份爱心餐	155307	新	2020-05-10T13:57:37.322631
45	案板下上网课女孩母亲谢绝捐款	154698	新	2020-05-10T13:57:37.322712
46	遭鸟击返航航班乘客入住酒店	154374	新	2020-05-10T13:57:37.322792
47	西班牙父女将扔垃圾变走秀	154297		2020-05-10T13:57:37.322884
48	马丽当妈	148240		2020-05-10T13:57:37.322957
49	防蓝光的眼镜或设备能预防近视吗	136396		2020-05-10T13:57:37.323030
50	男同学组队抬轮椅女孩上下楼	131713	新	2020-05-10T13:57:37.323103
