排名	关键词	热度	特征	时间
1	郑爽 只怕人情两面刀	2255828	热	2020-06-02T09:59:34.236452
2	新冠病毒毒性并未减弱	1568460	新	2020-06-02T09:59:34.236757
3	罗永浩第一次云闪付抢购	1551618	荐	2020-06-02T09:59:34.237001
4	王振华被撤销全国劳动模范称号	1456176	新	2020-06-02T09:59:34.237210
5	黑人大哥哽咽劝16岁少年	1396947	沸	2020-06-02T09:59:34.237420
6	血疫	1340034	沸	2020-06-02T09:59:34.237624
7	林郑月娥批美国在骚乱问题上双重标准	1137391	新	2020-06-02T09:59:34.237816
8	江歌妈妈代理律师首次发声	1132732	新	2020-06-02T09:59:34.238021
9	希拉里批评特朗普滥用总统权力	776603		2020-06-02T09:59:34.238228
10	Lisa被前经纪人骗钱	745807	沸	2020-06-02T09:59:34.238412
11	我国已发现660多种外来入侵物种	676233		2020-06-02T09:59:34.238609
12	韩烁黑化	598097		2020-06-02T09:59:34.238779
13	带全家从美来京确诊女子被批捕	477173		2020-06-02T09:59:34.238941
14	纽约帝国大厦熄灯	475477	新	2020-06-02T09:59:34.239112
15	YG回应Lisa被前经纪人骗钱	473992		2020-06-02T09:59:34.239306
16	川航3U8633备降事件调查报告公布	472538		2020-06-02T09:59:34.239473
17	吴启华道歉	468679	新	2020-06-02T09:59:34.239643
18	贾乃亮李小璐陪甜馨玩耍	468162	热	2020-06-02T09:59:34.239834
19	南京绣球公园的绣球花	466139	新	2020-06-02T09:59:34.240059
20	在美中国留学生拍摄暴力示威	463293	新	2020-06-02T09:59:34.240268
21	B站已向有关部门报备卖惨UP主	460979		2020-06-02T09:59:34.240469
22	姐姐跟弟弟说想交个男朋友	460165	新	2020-06-02T09:59:34.240641
23	女生回校拍一个人的毕业照	436157		2020-06-02T09:59:34.240839
24	利物浦全队单膝下跪	405820		2020-06-02T09:59:34.241006
25	流程式睡觉	396976	新	2020-06-02T09:59:34.241169
26	女子上海火车站抢2岁女童获刑一年半	361174		2020-06-02T09:59:34.241360
27	美国政客称抗议都是俄罗斯设计的	332966		2020-06-02T09:59:34.241532
28	丁禹兮演技	319876		2020-06-02T09:59:34.241704
29	微信辟谣监听用户聊天记录	285043		2020-06-02T09:59:34.241865
30	医院减免彭银华烈士女儿出生所有费用	276247	新	2020-06-02T09:59:34.242028
31	广东拟对猥亵学生教师终身禁教	270040	新	2020-06-02T09:59:34.242231
32	当别人夸你长得高时	263043		2020-06-02T09:59:34.242433
33	我国计划2030年对土星木星穿越探测	249738	新	2020-06-02T09:59:34.242627
34	刚果暴发第11轮埃博拉疫情	239119		2020-06-02T09:59:34.242831
35	上官婉儿天狼绘梦者	228804		2020-06-02T09:59:34.242998
36	杭州设20分钟限时停车位	227164	新	2020-06-02T09:59:34.243161
37	钟美美回应下架模仿老师视频	205718		2020-06-02T09:59:34.243355
38	桂林米粉店将分三个等级	203751	新	2020-06-02T09:59:34.243523
39	新疆阿勒泰百万牲畜大转场	193936		2020-06-02T09:59:34.243721
40	618列车	193341		2020-06-02T09:59:34.243888
41	弗洛伊德弟弟喊话示威者	189279		2020-06-02T09:59:34.244070
42	湖北多地放开地摊经济	181231	新	2020-06-02T09:59:34.244238
43	2020上半年外语专四专八考试取消	178728	新	2020-06-02T09:59:34.244435
44	魔幻2020	154840		2020-06-02T09:59:34.244611
45	广东阳江暴雨	153842	新	2020-06-02T09:59:34.244729
46	室友做过最让你暖心的事	151168	新	2020-06-02T09:59:34.244872
47	洛杉矶示威者保护科比父女壁画	148710		2020-06-02T09:59:34.245020
48	武汉中心医院医生胡卫锋逝世	146688		2020-06-02T09:59:34.245147
49	美国用军用直升机驱散抗议群众	146473		2020-06-02T09:59:34.245275
50	延安教育局协查仝卓事件	141151		2020-06-02T09:59:34.245404
