排名	关键词	热度	特征	时间
1	520	3712397	沸	2020-05-20T01:55:40.277711
2	小满	1565420	新	2020-05-20T01:55:40.277894
3	灵魂宵夜	1537357	荐	2020-05-20T01:55:40.278046
4	任敏回应	1164518		2020-05-20T01:55:40.278193
5	2020520文案	1164035	新	2020-05-20T01:55:40.278309
6	张靓颖出道十五周年	1145055		2020-05-20T01:55:40.278451
7	巴勒斯坦停止履行与美国以色列所有协议	1141167	新	2020-05-20T01:55:40.278565
8	欧阳娜娜要李佳琦微信	1137794	热	2020-05-20T01:55:40.278710
9	考研调剂	755498	新	2020-05-20T01:55:40.278852
10	美国新冠肺炎确诊病例超152万	652589	新	2020-05-20T01:55:40.278994
11	史上最短命驾照	553853		2020-05-20T01:55:40.279137
12	黑龙江吉林与湖北病例有何不同	532225		2020-05-20T01:55:40.279251
13	蒋胜男建议民法典草案删除离婚冷静期	528769		2020-05-20T01:55:40.279364
14	疫情或致全球13%博物馆永久关闭	405060		2020-05-20T01:55:40.279479
15	边程向任敏道歉	400298	热	2020-05-20T01:55:40.279592
16	和平精英小黄鸭	324318	新	2020-05-20T01:55:40.279732
17	上海首个停用丰巢小区自建快递架	295730		2020-05-20T01:55:40.279873
18	1314少个4	289219	新	2020-05-20T01:55:40.279986
19	宋慧乔 玄彬	286133	热	2020-05-20T01:55:40.280132
20	奔驰维权女车主所涉公司被限制高消费	285427	新	2020-05-20T01:55:40.280317
21	十年前夏天和现在的区别	281406		2020-05-20T01:55:40.280478
22	许嵩温泉	277668	新	2020-05-20T01:55:40.280608
23	塔里木盆地星空下的千年胡杨	256807		2020-05-20T01:55:40.280770
24	带了一群没方向感的学员	256634		2020-05-20T01:55:40.280896
25	田静 唐迟	243977		2020-05-20T01:55:40.281021
26	代表建议夫妻合休产假	225291		2020-05-20T01:55:40.281146
27	李子柒 童年小零食	219166		2020-05-20T01:55:40.281268
28	张艺兴新专辑先行曲玉	217693	新	2020-05-20T01:55:40.281391
29	露胯骨礼裙	207044		2020-05-20T01:55:40.281545
30	把猫踹下床的后果	205888		2020-05-20T01:55:40.281668
31	幸福触手可及	188008		2020-05-20T01:55:40.281790
32	吴佩慈未婚夫因欠租被提告	184548		2020-05-20T01:55:40.281912
33	餐馆倒闭前老板挨个通知顾客来退款	179195		2020-05-20T01:55:40.282033
34	陆正耀回应瑞幸将退市	168791	新	2020-05-20T01:55:40.282153
35	天津小学低年级和幼儿园6月2日开学	163271	新	2020-05-20T01:55:40.282305
36	军校生复课首先拯救豆腐块	161877		2020-05-20T01:55:40.282459
37	北京新生代农民工月均收入5850元	147675	新	2020-05-20T01:55:40.282584
38	40楼扔菜刀砸中200万路虎被刑拘	141741		2020-05-20T01:55:40.282734
39	泰国餐厅推出猛男送餐服务	135024		2020-05-20T01:55:40.282857
40	这一声妈她等了32年	131111		2020-05-20T01:55:40.282973
41	阴阳师	130572		2020-05-20T01:55:40.283084
42	吴磊情商	130347	新	2020-05-20T01:55:40.283194
43	英超新冠检测6人阳性	125283	新	2020-05-20T01:55:40.283347
44	十八岁拍过的写真	125046	新	2020-05-20T01:55:40.283502
45	迪丽热巴婚纱造型	119868	新	2020-05-20T01:55:40.283654
46	8岁治疗犬获博士学位	119204	新	2020-05-20T01:55:40.283804
47	考研调剂系统	114922	新	2020-05-20T01:55:40.283957
48	袁隆平李子柒获聘农民丰收节推广大使	113174		2020-05-20T01:55:40.284110
49	宋凛周放互怼	106956		2020-05-20T01:55:40.284250
50	KO太极掌门者所在俱乐部发声	96620		2020-05-20T01:55:40.284378
