排名	关键词	热度	特征	时间
1	李海潮 那肯定没问题	164748		2020-09-03T22:58:32.555725
2	内地已派427名核酸检测队员支援香港	105430		2020-09-03T22:58:32.555816
3	陈婷精神状态	104917		2020-09-03T22:58:32.555890
4	乃万工作室道歉	90785		2020-09-03T22:58:32.555960
5	以家人之名预告	68037		2020-09-03T22:58:32.556037
6	沈腾马丽再合作	65480		2020-09-03T22:58:32.556107
7	大学生开学日去世捐献眼角膜和遗体	58381		2020-09-03T22:58:32.556174
8	要求学生自带床板校长被停职	55145		2020-09-03T22:58:32.556243
9	印巴交火一名印度军官死亡	54838		2020-09-03T22:58:32.556310
10	想看贺梅怼陈婷	54813		2020-09-03T22:58:32.556377
11	罗志祥ins点赞	54720	热	2020-09-03T22:58:32.556444
12	薛之谦火锅店声明	54502		2020-09-03T22:58:32.556528
13	璇玑追夫成功	48929		2020-09-03T22:58:32.556594
14	我国每学期用掉超19.4亿张塑料书皮	43955		2020-09-03T22:58:32.556659
15	乘风破浪的姐姐 男嘉宾	43828	热	2020-09-03T22:58:32.556725
16	美股	43800		2020-09-03T22:58:32.556807
17	退伍军人回家母亲瞬间跳到儿子身上	43666		2020-09-03T22:58:32.556874
18	纳什担任篮网新任主教练	43474		2020-09-03T22:58:32.556940
19	湖南女生把滞留外地的武汉女孩接到家	43292		2020-09-03T22:58:32.557005
20	刘诗诗港风封面	43214		2020-09-03T22:58:32.557069
21	王嘉尔生图	43074		2020-09-03T22:58:32.557134
22	大学围墙站满了外卖小哥	40220		2020-09-03T22:58:32.557198
23	上海查获4亿元假动漫手办	39383		2020-09-03T22:58:32.557262
24	印度或将有三成餐厅倒闭	39085		2020-09-03T22:58:32.557327
25	在劫难逃刺激	38796		2020-09-03T22:58:32.557392
26	公司要求员工自愿签奋斗者协议	35748		2020-09-03T22:58:32.557457
27	离人心上	32177		2020-09-03T22:58:32.557521
28	731部队成员审判录音片段公布	30096		2020-09-03T22:58:32.557585
29	美方官员视中国留学生为间谍是妄想症	29263		2020-09-03T22:58:32.557650
30	成龙北京两套豪宅将被拍卖	29151		2020-09-03T22:58:32.557714
31	郑爽 我在给自己一个任性的过程	28260		2020-09-03T22:58:32.557778
32	我和我的家乡神笔马亮	27718		2020-09-03T22:58:32.557842
33	杨幂蓝色油画大片	27710		2020-09-03T22:58:32.557906
34	华春莹称美国反华势力已丧失理性	26379		2020-09-03T22:58:32.557970
35	海豹原来是这样睡觉的	25968		2020-09-03T22:58:32.558036
36	兵哥哥退伍后向女友报到	25208		2020-09-03T22:58:32.558100
37	教官回应女生军训被蜜蜂爬脸	25168		2020-09-03T22:58:32.558165
38	火鸡面芝士脆皮鸡	25129		2020-09-03T22:58:32.558229
39	王者荣耀	24592		2020-09-03T22:58:32.558293
40	张艺兴 嘲笑我可以不要嘲笑努力	23688		2020-09-03T22:58:32.558358
41	陈赫	23259		2020-09-03T22:58:32.558421
42	原来鹿真是这么打架的	22184		2020-09-03T22:58:32.558486
43	黄正音申请离婚	21889		2020-09-03T22:58:32.558550
44	和平精英	20423		2020-09-03T22:58:32.558614
45	台风美莎克	20059		2020-09-03T22:58:32.558677
46	姜贞羽小号发文	19571		2020-09-03T22:58:32.558741
47	上上谦火锅餐饮具检出大肠菌群	19314		2020-09-03T22:58:32.558805
48	阴阳师	18408		2020-09-03T22:58:32.558870
49	NBA	18082		2020-09-03T22:58:32.558934
50	军训教官手抓学生剩饭当场吃掉	18073		2020-09-03T22:58:32.558998
