排名	关键词	热度	特征	时间
1	家暴出轨不受离婚冷静期限制	3380758	新	2020-05-29T03:36:58.748190
2	李兰娟 吸烟者感染后变重症风险更大	1671279	新	2020-05-29T03:36:58.748314
3	中国6亿人月收入仅1000元	1608382	新	2020-05-29T03:36:58.748422
4	仝卓 快乐大本营	1407179	热	2020-05-29T03:36:58.748524
5	居住权	945778	沸	2020-05-29T03:36:58.748624
6	你成功引起我的注意了	912785		2020-05-29T03:36:58.748724
7	赵丽颖 健身有点小优势	854129	沸	2020-05-29T03:36:58.748802
8	驻加使馆 加拿大扮演美方帮凶角色	603320		2020-05-29T03:36:58.748900
9	袁姗姗道歉	423529	热	2020-05-29T03:36:58.748979
10	Knight艾克秒杀Faker沙皇	406870		2020-05-29T03:36:58.749075
11	美国部分示威者焚烧美国国旗	392152	沸	2020-05-29T03:36:58.749153
12	明尼苏达州暴力抗议活动升级	390037		2020-05-29T03:36:58.749248
13	丁禹兮 我不会离开大家的哦	335602	热	2020-05-29T03:36:58.749325
14	巴西单日新增死亡连续三天超1000	293986	新	2020-05-29T03:36:58.749428
15	婚姻法	286028	热	2020-05-29T03:36:58.749538
16	美国新冠肺炎确诊病例超171万	267349		2020-05-29T03:36:58.749647
17	郑钧越努力越心酸	266732		2020-05-29T03:36:58.749733
18	婆婆和妈妈	265876		2020-05-29T03:36:58.749818
19	长期不上班是啥体验	264421	新	2020-05-29T03:36:58.749902
20	百兽哭了	251347		2020-05-29T03:36:58.750010
21	福克斯主播批抗议示威是暴乱	242479	新	2020-05-29T03:36:58.750094
22	姜潮妈妈婚前给麦迪娜买房	235702	新	2020-05-29T03:36:58.750203
23	衡水高三学子站立举读	228035		2020-05-29T03:36:58.750310
24	明尼苏达州将出动国民警卫队	227462	新	2020-05-29T03:36:58.750394
25	离婚需要冷静吗	212431		2020-05-29T03:36:58.750499
26	百岁老人战胜新冠喝冰啤酒庆祝	206180		2020-05-29T03:36:58.750583
27	陈粒且慢	200295		2020-05-29T03:36:58.750667
28	陈伟霆盔甲造型	196801	新	2020-05-29T03:36:58.750750
29	当官方也开始玩谐音梗	192508		2020-05-29T03:36:58.750857
30	学校为毕业生组织篝火晚会	171466		2020-05-29T03:36:58.750942
31	离婚冷静期	151393		2020-05-29T03:36:58.751026
32	陈钰琪 可爱	147824		2020-05-29T03:36:58.751109
33	GAI 没对	147754		2020-05-29T03:36:58.751193
34	秋蝉	143348		2020-05-29T03:36:58.751276
35	港澳办发言人谈人大涉港决议	143002		2020-05-29T03:36:58.751359
36	应届生的身份到底多重要	142980		2020-05-29T03:36:58.751443
37	TT设计	140119		2020-05-29T03:36:58.751528
38	罗云熙眼神	139402		2020-05-29T03:36:58.751611
39	月上重火	129651		2020-05-29T03:36:58.751695
40	农民用烧火棍在墙头作画	110469		2020-05-29T03:36:58.751778
41	小朋友遇消防员出警秒变迷弟	97548		2020-05-29T03:36:58.751863
42	荔枝的正确打开方式	93691		2020-05-29T03:36:58.751948
43	翟天临	92985		2020-05-29T03:36:58.752044
44	林志颖妈妈陈若仪相处	90648	新	2020-05-29T03:36:58.752130
45	两会	89587		2020-05-29T03:36:58.752239
46	人太过聪明通透有什么不好	87931	新	2020-05-29T03:36:58.752324
47	人脸图案口罩	87050		2020-05-29T03:36:58.752429
48	毕业前焦虑的原因	86772	新	2020-05-29T03:36:58.752513
49	LCK	86660		2020-05-29T03:36:58.752617
50	VG战胜GK	86643		2020-05-29T03:36:58.752700
