排名	关键词	热度	特征	时间
1	刘敏涛表情管理	2590017	沸	2020-05-06T01:46:49.406795
2	美国新冠肺炎确诊人数超120万	1319348	新	2020-05-06T01:46:49.406928
3	泡在五一春光里	1295397	荐	2020-05-06T01:46:49.407044
4	郭麒麟因外卖不好吃搬家	1276578	沸	2020-05-06T01:46:49.407155
5	黑龙江虐打4岁女童父亲继母被批捕	725894		2020-05-06T01:46:49.407265
6	希望妈妈切的西瓜没有蒜味	723021	沸	2020-05-06T01:46:49.407353
7	美市长称去年感染过新冠病毒并检出抗体	609437		2020-05-06T01:46:49.407459
8	宋仁宗曹皇后圆房	600990		2020-05-06T01:46:49.407546
9	中国航天回应今年两次发射失利	485737		2020-05-06T01:46:49.407631
10	广州回应虎门大桥晃动原因	361090		2020-05-06T01:46:49.407718
11	李宇春弹唱给女孩	359267	热	2020-05-06T01:46:49.407803
12	伍佰 挪威的森林	357834		2020-05-06T01:46:49.407909
13	湖北核酸和抗体检测临时纳入医保	354667		2020-05-06T01:46:49.407994
14	今年最后一次超级月亮	352811		2020-05-06T01:46:49.408079
15	医疗条件最好的美国为何病例数全球最高	346497		2020-05-06T01:46:49.408163
16	上海迪士尼5月11日重新开放	341287	新	2020-05-06T01:46:49.408263
17	美众议院将推进调查特朗普政府疫情应对	338038	新	2020-05-06T01:46:49.408371
18	乘风破浪的姐姐们	329608		2020-05-06T01:46:49.408480
19	流星雨	325439	新	2020-05-06T01:46:49.408566
20	重庆大风	320545	新	2020-05-06T01:46:49.408680
21	女生穿小裙子有多好看	320007		2020-05-06T01:46:49.408802
22	虎门大桥再次发生异常抖动	315142		2020-05-06T01:46:49.408900
23	红色高跟鞋	310787		2020-05-06T01:46:49.408995
24	色盲是种什么体验	306765	新	2020-05-06T01:46:49.409088
25	原油宝和解协议	297765	新	2020-05-06T01:46:49.409206
26	任嘉伦琵琶行	271258		2020-05-06T01:46:49.409324
27	拜托了冰箱	250164		2020-05-06T01:46:49.409417
28	世界最丰满嘴唇	247185		2020-05-06T01:46:49.409510
29	胖五	218195		2020-05-06T01:46:49.409602
30	不要当着音乐系同学面求婚	208191		2020-05-06T01:46:49.409696
31	吴青峰起风了蜂鸟联唱	178341		2020-05-06T01:46:49.409792
32	后浪	176716		2020-05-06T01:46:49.409886
33	周笔畅地下车库的混音	163664		2020-05-06T01:46:49.409979
34	已有超47亿只口罩从中国运到美国	161954	新	2020-05-06T01:46:49.410070
35	如何让熊孩子快速午睡	160159		2020-05-06T01:46:49.410190
36	美国疫情	158786		2020-05-06T01:46:49.410284
37	沉浸式表演	152080	新	2020-05-06T01:46:49.410378
38	张艺兴最美风景线	125987		2020-05-06T01:46:49.410497
39	emoji家乡地名	125126		2020-05-06T01:46:49.410592
40	相信未来	115421		2020-05-06T01:46:49.410685
41	周深多种语言唱千千阙歌	111824		2020-05-06T01:46:49.410778
42	野餐还没拍好照就被牛吃了	109745		2020-05-06T01:46:49.410870
43	朴树狗头帽子	103221		2020-05-06T01:46:49.410963
44	美国两所监狱超七成在押人员感染新冠	102215	新	2020-05-06T01:46:49.411055
45	莫文蔚林彦俊合唱	80540		2020-05-06T01:46:49.411175
46	FPX冠军皮肤首秀	75123		2020-05-06T01:46:49.411270
47	李易峰觉得虞书欣很可爱	75092		2020-05-06T01:46:49.411363
48	张韶涵引路的风筝	72904		2020-05-06T01:46:49.411457
49	我国空间站将于2022年前后建成	66686		2020-05-06T01:46:49.411549
50	叶冲太难了	65034		2020-05-06T01:46:49.411642
