排名	关键词	热度	特征	时间
1	乘风破浪的姐姐 男嘉宾	3477341	沸	2020-09-03T15:33:57.514254
2	大学生开学日去世捐献眼角膜和遗体	3025074	新	2020-09-03T15:33:57.514418
3	乃万工作室道歉	2981152	新	2020-09-03T15:33:57.514549
4	沈腾马丽再合作	1955646	新	2020-09-03T15:33:57.514676
5	PPTV	1172049	新	2020-09-03T15:33:57.514805
6	25岁该不该养老	1144127	荐	2020-09-03T15:33:57.514932
7	薛之谦火锅店声明	1032438	新	2020-09-03T15:33:57.515055
8	要求学生自带床板校长被停职	881813		2020-09-03T15:33:57.515179
9	印巴交火一名印度军官死亡	695639		2020-09-03T15:33:57.515278
10	兵哥哥退伍后向女友报到	690694		2020-09-03T15:33:57.515386
11	我国每学期用掉超19.4亿张塑料书皮	607344		2020-09-03T15:33:57.515501
12	教官回应女生军训被蜜蜂爬脸	448707		2020-09-03T15:33:57.515612
13	湖南女生把滞留外地的武汉女孩接到家	442531		2020-09-03T15:33:57.515723
14	陈婷精神状态	435619	新	2020-09-03T15:33:57.515832
15	雪梨苏芒谈年龄状态	434817		2020-09-03T15:33:57.515968
16	罗志祥ins点赞	431394	热	2020-09-03T15:33:57.516097
17	北京连续四天出现彩虹	417202		2020-09-03T15:33:57.516241
18	天津一高校学生骑行680公里返校	414779	新	2020-09-03T15:33:57.516349
19	上上谦火锅餐饮具检出大肠菌群	391578	热	2020-09-03T15:33:57.516485
20	重庆四公里	378930	新	2020-09-03T15:33:57.516619
21	郑爽 我在给自己一个任性的过程	377718	热	2020-09-03T15:33:57.516753
22	原来鹿真是这么打架的	372230		2020-09-03T15:33:57.516887
23	王者荣耀	337182		2020-09-03T15:33:57.516995
24	印度或将有三成餐厅倒闭	332805		2020-09-03T15:33:57.517108
25	偷拍女生发表低俗言论获刑	322971		2020-09-03T15:33:57.517214
26	薛之谦	314338	热	2020-09-03T15:33:57.517324
27	和平精英	313182		2020-09-03T15:33:57.517460
28	抠门退休教师捐出100多万用于教育	304972		2020-09-03T15:33:57.517568
29	美方官员视中国留学生为间谍是妄想症	294668		2020-09-03T15:33:57.517676
30	杨幂蓝色油画大片	284397		2020-09-03T15:33:57.517785
31	陈赫	282439		2020-09-03T15:33:57.517893
32	黄正音申请离婚	272853		2020-09-03T15:33:57.518001
33	英超与中国转播商解约	268252		2020-09-03T15:33:57.518109
34	华春莹称美国反华势力已丧失理性	252254		2020-09-03T15:33:57.518218
35	海豹原来是这样睡觉的	251916		2020-09-03T15:33:57.518346
36	宋芳园	247674		2020-09-03T15:33:57.518448
37	成龙北京两套豪宅将被拍卖	246929		2020-09-03T15:33:57.518544
38	以家人之名	218940		2020-09-03T15:33:57.518641
39	学校回应教官手抓学生剩饭吃掉	218087		2020-09-03T15:33:57.518739
40	公司要求员工自愿签奋斗者协议	214674	新	2020-09-03T15:33:57.518837
41	张艺兴 嘲笑我可以不要嘲笑努力	214592		2020-09-03T15:33:57.518960
42	乃万 不管谁的错都得我被骂	214265		2020-09-03T15:33:57.519059
43	护士等3年成功捐献造血干细胞	199416		2020-09-03T15:33:57.519156
44	当男生尝到化妆的甜头	188331		2020-09-03T15:33:57.519254
45	阴阳师	177474		2020-09-03T15:33:57.519352
46	政府将负责遭性侵女童全部费用	173532		2020-09-03T15:33:57.519447
47	Show me love	172442		2020-09-03T15:33:57.519550
48	自如回应租户喝中水	155589		2020-09-03T15:33:57.519657
49	抗日战争胜利75周年	152110		2020-09-03T15:33:57.519766
50	斯坦李在天堂门口迎接黑豹动画	150724		2020-09-03T15:33:57.519873
