排名	关键词	热度	特征	时间
1	邓超给孙俪的礼物送了	2800282	热	2020-09-26T07:48:42.587088
2	初中生刺死霸凌者获刑8年	1947843	新	2020-09-26T07:48:42.587202
3	朱婷演技	1709690	新	2020-09-26T07:48:42.587299
4	90后出纳入职一年贪720余万	1181210		2020-09-26T07:48:42.587395
5	蔡明曾为春晚两月不吃一粒米	1077667	新	2020-09-26T07:48:42.587471
6	周震南帽子收藏家	1077655	荐	2020-09-26T07:48:42.587565
7	科比小女儿对着照片喊爸爸	1077614	沸	2020-09-26T07:48:42.587656
8	人民币上的3D中国	937962	新	2020-09-26T07:48:42.587750
9	希腊前财长也太了解中国了	899181		2020-09-26T07:48:42.587840
10	内蒙古极度危险嫌疑人张立东落网	889584	新	2020-09-26T07:48:42.587913
11	姚迪饰演魏秋月	799572		2020-09-26T07:48:42.588015
12	银行办事窗口被指像墓碑	775986		2020-09-26T07:48:42.588093
13	西班牙小镇5万升红酒桶破裂	758861		2020-09-26T07:48:42.588168
14	沂水寻青岛一无症状感染者密接者同车人	730976		2020-09-26T07:48:42.588239
15	昆凌侯佩岑 彩虹图	683340	热	2020-09-26T07:48:42.588311
16	上海进入全球金融中心三强	640419		2020-09-26T07:48:42.588399
17	女生跟男生喊累的区别	639557	新	2020-09-26T07:48:42.588472
18	男子想当帅小伙干爹反被揍	633664	新	2020-09-26T07:48:42.588561
19	计算机二级	633445		2020-09-26T07:48:42.588650
20	扎好丸子头一定要出其不意	633391	新	2020-09-26T07:48:42.588721
21	半是蜜糖半是伤定档	525772		2020-09-26T07:48:42.588810
22	女子与驾校教练喝酒后酒店身亡	435168		2020-09-26T07:48:42.588881
23	莉莉柯林斯订婚	434577		2020-09-26T07:48:42.588951
24	小伙用巧克力雕刻唐三彩	409382		2020-09-26T07:48:42.589022
25	秋天第一次偶遇明星	405546	新	2020-09-26T07:48:42.589092
26	虞书欣丁禹兮月光变奏曲	377332		2020-09-26T07:48:42.589181
27	用红烧肉做的蛋糕	363413	新	2020-09-26T07:48:42.589254
28	雅思	357600	新	2020-09-26T07:48:42.589348
29	特朗普计划提名巴雷特任最高法院大法官	356386		2020-09-26T07:48:42.589442
30	吴彦祖女儿出生照	355509	新	2020-09-26T07:48:42.589516
31	奶奶见到自己偶像的反应	341620		2020-09-26T07:48:42.589609
32	杨洋李一桐玩游戏好像偶像剧	326310		2020-09-26T07:48:42.589683
33	女生到底能有多精致	322003		2020-09-26T07:48:42.589757
34	美国将对非移民签证逗留时间设限	302186		2020-09-26T07:48:42.589831
35	吴奇隆王耀庆带猪度假	283796		2020-09-26T07:48:42.589905
36	易烊千玺回头杀	251164		2020-09-26T07:48:42.589980
37	央视国庆晚会阵容	242803		2020-09-26T07:48:42.590054
38	天官赐福	181981		2020-09-26T07:48:42.590129
39	江阳永远留在了长夜里	168897		2020-09-26T07:48:42.590205
40	玄彬童年照	165647		2020-09-26T07:48:42.590278
41	陈瑶古风红妆教程	165075	新	2020-09-26T07:48:42.590353
42	桂花圆子瀑布千层蛋糕	157519	新	2020-09-26T07:48:42.590446
43	十一年前的邮件	145545	新	2020-09-26T07:48:42.590539
44	可爱到极致是怎样的体验	143288	新	2020-09-26T07:48:42.590633
45	灵儿的采访	142526		2020-09-26T07:48:42.590726
46	个性签名缩写意思	134714		2020-09-26T07:48:42.590801
47	粉笔模考	122917		2020-09-26T07:48:42.590875
48	公共场所普及AED的必要性	117479	新	2020-09-26T07:48:42.590949
49	巴西1个进口冻带鱼内包装样本呈阳性	116663		2020-09-26T07:48:42.591043
50	林大厨对王俊凯的长辈式关爱	115705		2020-09-26T07:48:42.591118
