排名	关键词	热度	特征	时间
1	王一博 你要补一下妆	3274528	沸	2020-07-25T17:51:42.949770
2	失踪遇害女子丈夫被抓前最后画面	1513993	沸	2020-07-25T17:51:42.949955
3	嗨夏吃货节	1477737	荐	2020-07-25T17:51:42.950107
4	钟汉良第一次freestyle	1441481	热	2020-07-25T17:51:42.950255
5	林梦是刘雨昕的老师	1356620	新	2020-07-25T17:51:42.950399
6	乐队的夏天可算播了	1302565		2020-07-25T17:51:42.950543
7	钟晓阳承认喜欢钟晓芹	1241609	新	2020-07-25T17:51:42.950658
8	顾佳童年	1020135	新	2020-07-25T17:51:42.950800
9	浙江高考分数线	742361	沸	2020-07-25T17:51:42.950944
10	中方回应美方强行进入驻休斯敦总领馆	712630		2020-07-25T17:51:42.951096
11	被五条人笑死	712350	沸	2020-07-25T17:51:42.951227
12	许幻山没有心	711350	新	2020-07-25T17:51:42.951387
13	这就是街舞3	666740		2020-07-25T17:51:42.951544
14	美驻成都总领事馆被通知关闭第二天	659754		2020-07-25T17:51:42.951661
15	贵州三胞胎姐妹高考均过610分	656863		2020-07-25T17:51:42.951783
16	Chace问大张伟版权费付了吗	656698	新	2020-07-25T17:51:42.951911
17	录了三年的求婚视频	655949	热	2020-07-25T17:51:42.952086
18	许子言太可爱了	651376	新	2020-07-25T17:51:42.952244
19	港生申请内地大学比率创9年新高	638797	新	2020-07-25T17:51:42.952401
20	吉林现26800亩外来入侵物种	613691		2020-07-25T17:51:42.952557
21	具荷拉日记	611331	热	2020-07-25T17:51:42.952682
22	芜湖19岁脑瘫少年高考623分	595304	新	2020-07-25T17:51:42.952839
23	温州中学	545723		2020-07-25T17:51:42.952996
24	性格内向才不是缺点呢	501428		2020-07-25T17:51:42.953123
25	英国首相称减肥可降低新冠风险	489960	新	2020-07-25T17:51:42.953252
26	杨怡女儿正面照	489956		2020-07-25T17:51:42.953411
27	蔡维泽淘汰	489953	新	2020-07-25T17:51:42.953537
28	乐队的夏天	489916		2020-07-25T17:51:42.953694
29	应急管理部批准李义奎同志为烈士	479223		2020-07-25T17:51:42.953818
30	美国驻成都总领事馆徽标被摘除	464687		2020-07-25T17:51:42.953943
31	王一博给梦迪毛巾	456090		2020-07-25T17:51:42.954068
32	水木年华淘汰	442492	新	2020-07-25T17:51:42.954191
33	快乐大本营	429459		2020-07-25T17:51:42.954345
34	段振宇救姜小果	358249		2020-07-25T17:51:42.954469
35	外交部回应美方进入我驻休斯敦总领馆	345556	新	2020-07-25T17:51:42.954593
36	宋茜李佳琦直播	343830		2020-07-25T17:51:42.954750
37	张艺兴krump	341546		2020-07-25T17:51:42.954875
38	明日之子赛制 棒打鸳鸯	338306		2020-07-25T17:51:42.955001
39	南海再次发现抹香鲸群体	302440		2020-07-25T17:51:42.955125
40	明日之子	294838		2020-07-25T17:51:42.955248
41	周奇 向俞星	293673		2020-07-25T17:51:42.955373
42	郑爽为杭州失踪女子发声	293334		2020-07-25T17:51:42.955497
43	综艺效果拉满的意外场面	292001		2020-07-25T17:51:42.955620
44	中国驻美使馆将暂管休斯敦总领馆工作	285014	新	2020-07-25T17:51:42.955742
45	AG晋级世冠八强	284933	新	2020-07-25T17:51:42.955899
46	iPhone11首次在印度生产	284880		2020-07-25T17:51:42.956075
47	安徽进入紧急防汛期	267617	新	2020-07-25T17:51:42.956206
48	小男孩因刮花车到派出所自首	217385		2020-07-25T17:51:42.956320
49	杭州失踪女子丈夫交代杀人分尸事实	215079		2020-07-25T17:51:42.956408
50	林有有段位	193990		2020-07-25T17:51:42.956495
