排名	关键词	热度	特征	时间
1	极限挑战	3097248	热	2020-05-10T16:54:41.176448
2	男生给同桌女生夹了块肉	2674875	沸	2020-05-10T16:54:41.176574
3	雨神萧敬腾驾到	2553487	荐	2020-05-10T16:54:41.176683
4	贾乃亮雷佳音给邓伦拔罐	2510837	新	2020-05-10T16:54:41.176788
5	张贵妃下线	1672728	新	2020-05-10T16:54:41.176890
6	吴亦凡创3特派教练	1652484	新	2020-05-10T16:54:41.176994
7	偷运5名外国人入境获刑2年	1524464	新	2020-05-10T16:54:41.177097
8	LV老板疫情期损失300亿美元	1520883		2020-05-10T16:54:41.177198
9	美国疾控中心17页建议遭政府漠视	1520418		2020-05-10T16:54:41.177278
10	创造营2020	1520049		2020-05-10T16:54:41.177357
11	鹿晗模仿黄子韬	1125631	新	2020-05-10T16:54:41.177437
12	人大代表建议降低未成年人刑责年龄起点	821561	新	2020-05-10T16:54:41.177537
13	李宇春齐刘海长发	777810	热	2020-05-10T16:54:41.177639
14	比特币暴跌上千美元	700030		2020-05-10T16:54:41.177739
15	孟美岐C舞台	689374	新	2020-05-10T16:54:41.177819
16	北京丰台通报小区拆鸟窝事件	674790	新	2020-05-10T16:54:41.177920
17	清平乐	628630	新	2020-05-10T16:54:41.178018
18	朋友圈女孩的相似流程	603291	新	2020-05-10T16:54:41.178116
19	武汉一餐厅疫情期送8000多份爱心餐	547250		2020-05-10T16:54:41.178215
20	阿娇赖弘国分居协议内容	532335	热	2020-05-10T16:54:41.178295
21	朱广权rap	505102		2020-05-10T16:54:41.178394
22	多个小区丰巢遭业主封巢	462444		2020-05-10T16:54:41.178480
23	如何用AI修复一百年前影像	451219		2020-05-10T16:54:41.178571
24	天津师范大学	437857		2020-05-10T16:54:41.178661
25	范丞丞妈妈年轻照	414566	热	2020-05-10T16:54:41.178749
26	木村心美木村光希模仿爸妈	397387		2020-05-10T16:54:41.178860
27	当东北话遇到台湾腔	396323	新	2020-05-10T16:54:41.178949
28	中传回应研究生疑因被卡住论文坠亡	395241		2020-05-10T16:54:41.179060
29	奥巴马批评特朗普疫情应对	380372		2020-05-10T16:54:41.179148
30	薛凯琪BetterMe	373376		2020-05-10T16:54:41.179235
31	周震南超长rap	364918		2020-05-10T16:54:41.179321
32	沉迷刷单被骗30余万	359573		2020-05-10T16:54:41.179409
33	天醒之路大结局	280890		2020-05-10T16:54:41.179497
34	英国首相不戴口罩穿行公园	264307		2020-05-10T16:54:41.179585
35	赵粤掰王	264066	新	2020-05-10T16:54:41.179672
36	少女时代合体参加经纪人婚礼	263949		2020-05-10T16:54:41.179782
37	相信未来义演	263746	新	2020-05-10T16:54:41.179868
38	女子将婴儿放花台在旁打工	260658		2020-05-10T16:54:41.179980
39	沈阳公布新增确诊病例行程轨迹	222534		2020-05-10T16:54:41.180069
40	珠峰顶峰路线预计12日修通	206159	新	2020-05-10T16:54:41.180156
41	创造营初C林君怡	203899		2020-05-10T16:54:41.180285
42	陕西高三生与安保冲突	201394		2020-05-10T16:54:41.180373
43	兴风作浪的姐姐们	196196		2020-05-10T16:54:41.180462
44	机场防疫人员背腿麻女子时摔倒	193166	新	2020-05-10T16:54:41.180549
45	住建部支持六市80万套政策性租赁住房	165030	新	2020-05-10T16:54:41.180659
46	迪丽热巴 鹏哥我没有	102762	新	2020-05-10T16:54:41.180769
47	因一首歌爱上一部剧	102333	新	2020-05-10T16:54:41.180878
48	载人飞船返回舱为啥露出炯炯眼	102136		2020-05-10T16:54:41.180990
49	环卫工翻10吨垃圾找回2万元	99030		2020-05-10T16:54:41.181077
50	母亲节快乐	92615		2020-05-10T16:54:41.181164
