排名	关键词	热度	特征	时间
1	刘德华近照	2851038	热	2020-06-30T13:51:43.582524
2	北京公积金账户余额可直接还贷款	1417444	新	2020-06-30T13:51:43.582661
3	有味道的云小摊儿	1338165	荐	2020-06-30T13:51:43.582779
4	伊能静发视频回应	1325258	沸	2020-06-30T13:51:43.582892
5	赵丽颖生图	1310969	新	2020-06-30T13:51:43.583001
6	黄轩	1310146		2020-06-30T13:51:43.583116
7	密室大逃脱	1196686	新	2020-06-30T13:51:43.583215
8	重庆踹4脚救3人男子后怕但不后悔	897197		2020-06-30T13:51:43.583335
9	外交部回应印度封杀中国APP	799730		2020-06-30T13:51:43.583432
10	极限挑战 THE9	795224	沸	2020-06-30T13:51:43.583528
11	中国共产党党员总数9191.4万	716239		2020-06-30T13:51:43.583648
12	韩国寺庙首次暴发群聚感染	689048	新	2020-06-30T13:51:43.583743
13	腾讯回应起诉老干妈	597376		2020-06-30T13:51:43.583862
14	上海2019年平均工资为9580元	474268	新	2020-06-30T13:51:43.583956
15	小乔丹新冠检测呈阳性	449891	新	2020-06-30T13:51:43.584089
16	郭京飞喻言沙雕拉票	449428		2020-06-30T13:51:43.584207
17	学信网	448760	热	2020-06-30T13:51:43.584299
18	猪流感	447252	热	2020-06-30T13:51:43.584415
19	迷雾剧场	446476	新	2020-06-30T13:51:43.584531
20	限韩令	445778	热	2020-06-30T13:51:43.584648
21	颜值对衣服的影响有多大	445394		2020-06-30T13:51:43.584765
22	法国一教堂裂缝藏500具遗骸	415721		2020-06-30T13:51:43.584859
23	老干妈回应被腾讯起诉	410498	新	2020-06-30T13:51:43.584954
24	林书豪绝杀	384363	新	2020-06-30T13:51:43.585071
25	北京多名隔离人员出现症状不报告	364631		2020-06-30T13:51:43.585189
26	香港维护国家安全法表决通过	359091		2020-06-30T13:51:43.585284
27	羊活出了我的梦想生活	348569		2020-06-30T13:51:43.585377
28	陪你吃吃喝喝的男朋友	343650		2020-06-30T13:51:43.585472
29	老太拒绝送走咬人哈士奇	333456		2020-06-30T13:51:43.585564
30	隐秘的角落解析	326557		2020-06-30T13:51:43.585658
31	老干妈	318871		2020-06-30T13:51:43.585750
32	毛坦厂餐馆晚十点半后禁止营业	251660		2020-06-30T13:51:43.585842
33	陕西宝鸡通报六年级女孩小区坠亡	241502		2020-06-30T13:51:43.585936
34	香港国安法明确四类罪行和处罚	231685	新	2020-06-30T13:51:43.586029
35	把船压沉的阿拉斯加	229824	新	2020-06-30T13:51:43.586147
36	于正回应	228998		2020-06-30T13:51:43.586265
37	你不是挑食你只是懒	210172		2020-06-30T13:51:43.586359
38	宁静用宁夏表白姐姐们	201621		2020-06-30T13:51:43.586453
39	让人惊艳的小朋友	192956		2020-06-30T13:51:43.586545
40	寻找溺亡退役军人救人目击者	188151		2020-06-30T13:51:43.586640
41	花纹不愿流浪	187240	新	2020-06-30T13:51:43.586733
42	中餐厅	186427		2020-06-30T13:51:43.586850
43	驻港部队三军联合演练	186425	新	2020-06-30T13:51:43.586945
44	广东省考	186166	新	2020-06-30T13:51:43.587062
45	杭州两地路面出现塌陷	185893	新	2020-06-30T13:51:43.587178
46	广州11家凉茶店铺被查封	185612	新	2020-06-30T13:51:43.587295
47	创造营芭莎特工大片	185549		2020-06-30T13:51:43.587413
48	浙江开化暴雨引发山洪	183258	新	2020-06-30T13:51:43.587506
49	国务院港澳办香港中联办发表声明	172719	新	2020-06-30T13:51:43.587623
50	黄之锋宣布退出港独组织	156371		2020-06-30T13:51:43.587740
