排名	关键词	热度	特征	时间
1	高考	1082832	新	2020-07-06T19:49:44.964901
2	杨幂唱mojito	459074	沸	2020-07-06T19:49:44.965077
3	小白伞防晒不闷痘	382429	荐	2020-07-06T19:49:44.965232
4	试用期必须为员工缴纳社保	360811	沸	2020-07-06T19:49:44.965380
5	河神2没有李现	328554	新	2020-07-06T19:49:44.965525
6	夏天想白有多难	298479	荐	2020-07-06T19:49:44.965667
7	大熊猫双胞胎顺顺溜溜病亡	268404		2020-07-06T19:49:44.965809
8	鹿晗孙如云合照	253901	热	2020-07-06T19:49:44.965921
9	莫向晚创业	216029		2020-07-06T19:49:44.966061
10	中国十大美好生活城市	194334		2020-07-06T19:49:44.966172
11	陈锡向月娘求婚	182442		2020-07-06T19:49:44.966281
12	女明星的大胆发言	181570	沸	2020-07-06T19:49:44.966391
13	河神2	177717		2020-07-06T19:49:44.966529
14	环卫工被顶替教师岗26年调查结果	146725		2020-07-06T19:49:44.966639
15	淮安发生重大暴力袭警案	135606		2020-07-06T19:49:44.966752
16	香港国安法实施细则7月7日生效	133988	新	2020-07-06T19:49:44.966862
17	郑云龙方回应仝卓喊话	132865	热	2020-07-06T19:49:44.967003
18	鱼四没死	132678	新	2020-07-06T19:49:44.967141
19	爬6楼救人因恐高被困男子是退伍军人	132273	新	2020-07-06T19:49:44.967291
20	驻韩美军大闹釜山	131983		2020-07-06T19:49:44.967454
21	男孩高空抛水袋找乐子	131516	新	2020-07-06T19:49:44.967580
22	港独分子周庭认罪	131336		2020-07-06T19:49:44.967765
23	黄子韬关注徐艺洋	131175		2020-07-06T19:49:44.967890
24	小娘惹	127335		2020-07-06T19:49:44.968014
25	A股牛市真来了吗	111384		2020-07-06T19:49:44.968138
26	高考前一晚怎么度过的	108462		2020-07-06T19:49:44.968251
27	张雨绮帮李斯丹妮拒绝蓝盈莹	107566	热	2020-07-06T19:49:44.968362
28	一寸相思大结局	96493		2020-07-06T19:49:44.968503
29	仝卓喊话郑云龙	91954		2020-07-06T19:49:44.968614
30	A到爆高考冲刺版无价之姐	83593		2020-07-06T19:49:44.968726
31	当电视画面投影在玻璃上	79015		2020-07-06T19:49:44.968838
32	打工小伙在工地自学4年古筝	77732		2020-07-06T19:49:44.968950
33	香港国安法第43条实施细则刊宪	77237		2020-07-06T19:49:44.969070
34	湖南省5所高校升一本	68146		2020-07-06T19:49:44.969197
35	外交部提醒中国公民近期谨慎前往加拿大	64871		2020-07-06T19:49:44.969322
36	减震堪比劳斯莱斯的小鸟	64361		2020-07-06T19:49:44.969448
37	货车门没关好致千余箱茅台掉落	62313		2020-07-06T19:49:44.969573
38	鸡蛋价格半年降近3成	62005		2020-07-06T19:49:44.969697
39	jennie划水	58819		2020-07-06T19:49:44.969820
40	新冠病毒在亚洲出现前已在其他地方出现	57968		2020-07-06T19:49:44.969943
41	嘴强王者秒变青铜	57157		2020-07-06T19:49:44.970067
42	痕迹大结局	55429		2020-07-06T19:49:44.970192
43	阿朵 这是你的功课	51099		2020-07-06T19:49:44.970316
44	如花扮演者李健仁中风	50504		2020-07-06T19:49:44.970440
45	厦门六中唱我相信为高考加油	48431		2020-07-06T19:49:44.970563
46	四川32名学子保送清华北大	44994		2020-07-06T19:49:44.970687
47	北京彩虹	44671		2020-07-06T19:49:44.970810
48	彩虹奶茶冰粥	42760		2020-07-06T19:49:44.970933
49	周深郎朗cos家有儿女	40755		2020-07-06T19:49:44.971055
50	400年前明代石拱桥被冲毁	39809		2020-07-06T19:49:44.971179
