排名	关键词	热度	特征	时间
1	杨国福邀请张亮代言	4701234	沸	2020-08-10T11:58:33.396259
2	朋友圈骂人被判朋友圈道歉10天	2555073	热	2020-08-10T11:58:33.396422
3	上幼儿园 喝小小鲁班	2092258	荐	2020-08-10T11:58:33.396562
4	花木兰确认内地影院上映	1629442	新	2020-08-10T11:58:33.396702
5	张朝阳称自己每天只睡4个小时	1564071		2020-08-10T11:58:33.396834
6	网红景点	1472548	荐	2020-08-10T11:58:33.396940
7	宋妍霏助理手机壁纸	1465659	热	2020-08-10T11:58:33.397073
8	母亲救子溺亡男孩哭喊我错了	1270947	新	2020-08-10T11:58:33.397205
9	微软回应断供中国	1044573		2020-08-10T11:58:33.397335
10	外交部宣布制裁11名美方人士	1026786	新	2020-08-10T11:58:33.397439
11	真的有漫画脸女孩吗	1023790	沸	2020-08-10T11:58:33.397572
12	杭州九价HPV	1012137		2020-08-10T11:58:33.397702
13	河南两儿一孙被枪杀案凶手获死刑	766666	新	2020-08-10T11:58:33.397806
14	大连10岁女童被害案法院判赔128万	538221	新	2020-08-10T11:58:33.397935
15	北大牌匾录取通知书	520028		2020-08-10T11:58:33.398064
16	要骗一个人有多简单	503968		2020-08-10T11:58:33.398168
17	2021年春晚主创团队	503507	新	2020-08-10T11:58:33.398274
18	iOS14 beta4	499788	新	2020-08-10T11:58:33.398403
19	B站等16家企业签署诚信自律承诺书	491866	新	2020-08-10T11:58:33.398535
20	浙江语文阅卷组长回应出版高考作文书	488975		2020-08-10T11:58:33.398667
21	吴昕VOGUE复古大片	488870		2020-08-10T11:58:33.398772
22	女公交司机在车上设置妈咪小屋	385730		2020-08-10T11:58:33.398878
23	拍照如何显腿长	379696		2020-08-10T11:58:33.398983
24	上海暴雨	354813		2020-08-10T11:58:33.399088
25	官方回应是否启动对张玉环案追责	348656		2020-08-10T11:58:33.399194
26	刘璇二胎得女	345835	热	2020-08-10T11:58:33.399300
27	毛里求斯十多万志愿者加入清洁行动	343566		2020-08-10T11:58:33.399431
28	明星祝福视频产业链	301803		2020-08-10T11:58:33.399535
29	张玉环回应申请国家赔偿	268764		2020-08-10T11:58:33.399639
30	基金	266093		2020-08-10T11:58:33.399740
31	吴亦凡皮质中山装	265795		2020-08-10T11:58:33.399844
32	朴宰范中文rap	263544		2020-08-10T11:58:33.399948
33	浴室都是演唱会现场	232007	新	2020-08-10T11:58:33.400069
34	环卫工翻8吨垃圾帮找通知书	228992		2020-08-10T11:58:33.400205
35	崔天凯回应多个中美热点话题	221937		2020-08-10T11:58:33.400307
36	湖南5人结伴漂流2人死亡	221010		2020-08-10T11:58:33.400409
37	日本小哥改造破烂卧室	209943		2020-08-10T11:58:33.400510
38	江南百景图部分人物改名	203646	新	2020-08-10T11:58:33.400611
39	四川第一封高考录取通知书发出	200598	新	2020-08-10T11:58:33.400740
40	张靓颖海豚音rap	200368		2020-08-10T11:58:33.400868
41	和朋友出去旅游的快乐成分	198412	新	2020-08-10T11:58:33.400971
42	官方回应广西男子锁妻	194932		2020-08-10T11:58:33.401099
43	中国新说唱主题曲	187440		2020-08-10T11:58:33.401202
44	四川土地岭首次拍到野生大熊猫	185154	新	2020-08-10T11:58:33.401304
45	沙宝亮	179907	新	2020-08-10T11:58:33.401433
46	2020年财富世界500强	176115	新	2020-08-10T11:58:33.401562
47	99只海龟回家	171697	新	2020-08-10T11:58:33.401693
48	最喜欢的手机设计	164456	新	2020-08-10T11:58:33.401832
49	北京拟严管短租房经营	164405	新	2020-08-10T11:58:33.401979
50	中国商人买下标价1000万元口罩	157098		2020-08-10T11:58:33.402125
