排名	关键词	热度	特征	时间
1	郭麒麟 我这辈子不能要个姑娘	2917110	热	2020-05-16T05:36:58.827618
2	泰国将中韩撤出危险性传染病地区名单	2510869	新	2020-05-16T05:36:58.827724
3	张子枫安慰小H好治愈	2307328	热	2020-05-16T05:36:58.827813
4	张文宏发微博了	1439516	新	2020-05-16T05:36:58.827899
5	李泰吾被从公司扫地出门	1292031	新	2020-05-16T05:36:58.827993
6	防晒才防老	1159427	荐	2020-05-16T05:36:58.828087
7	吴倩机场造型	1026823	热	2020-05-16T05:36:58.828187
8	成都一小区现30层楼高花墙	903826		2020-05-16T05:36:58.828283
9	美国卡车运新冠尸体消毒后运食品	870902		2020-05-16T05:36:58.828357
10	夫妻的世界不要烂尾	865722	新	2020-05-16T05:36:58.828431
11	陶虹 小姑娘就是来美化生活的	861135	新	2020-05-16T05:36:58.828520
12	向往的生活 成语接龙永动环	847591		2020-05-16T05:36:58.828609
13	女子起诉丰巢退0.5元保管费	824558		2020-05-16T05:36:58.828688
14	海南新增1例新冠肺炎	790433		2020-05-16T05:36:58.828763
15	景区回应女子天门山翼装飞行失联	765647	新	2020-05-16T05:36:58.828836
16	欧洲首个国家宣布疫情本地流行结束	717712		2020-05-16T05:36:58.828926
17	德国餐厅不欢迎中国人被米其林除名	705339	新	2020-05-16T05:36:58.828999
18	华珠	682698		2020-05-16T05:36:58.829089
19	吉林疫情	602308		2020-05-16T05:36:58.829163
20	特朗普谈WTO总干事离职	576462	新	2020-05-16T05:36:58.829234
21	帝吧	569127		2020-05-16T05:36:58.829323
22	张艺兴暗黑大片	543222	新	2020-05-16T05:36:58.829395
23	网课宣传肖战老师被停课	455332		2020-05-16T05:36:58.829485
24	女教练开网课教外国人打太极	433535	新	2020-05-16T05:36:58.829556
25	周末早醒定律	327930		2020-05-16T05:36:58.829645
26	巴西排水系统检测出大量新冠病毒	300505	新	2020-05-16T05:36:58.829716
27	影视剧里的怼人鬼才	295141	新	2020-05-16T05:36:58.829806
28	自卑的人会有什么表现	256540	新	2020-05-16T05:36:58.829894
29	四川人走亲戚会有的场景	254725	新	2020-05-16T05:36:58.829982
30	上海新增5例境外输入	250781		2020-05-16T05:36:58.830071
31	有必要设置离婚冷静期吗	227375	新	2020-05-16T05:36:58.830143
32	闺蜜介绍的男朋友	197951		2020-05-16T05:36:58.830231
33	亚马逊CEO或成地球首位万亿富豪	192831		2020-05-16T05:36:58.830303
34	珠峰上的中国梯	192827	新	2020-05-16T05:36:58.830374
35	夏天泳装照大赛	188754		2020-05-16T05:36:58.830462
36	中国榫卯中的积木拼接原理	183337		2020-05-16T05:36:58.830534
37	记者爬天梯报道悬崖村搬迁吓哭	169707	新	2020-05-16T05:36:58.830605
38	吉林省本土聚集性病例传染链	164316		2020-05-16T05:36:58.830694
39	华为	160959		2020-05-16T05:36:58.830765
40	宋仁宗替徽柔报仇	157728		2020-05-16T05:36:58.830837
41	2020考研复试攻略	153263	新	2020-05-16T05:36:58.830909
42	永远的君主	150409		2020-05-16T05:36:58.830998
43	上海首例航延险系列诈骗案告破	139972	新	2020-05-16T05:36:58.831070
44	大学生假期结束认错辅导员	139895	新	2020-05-16T05:36:58.831159
45	大学四年里你最遗憾的事	139860		2020-05-16T05:36:58.831249
46	舒兰市委书记被免职	135044		2020-05-16T05:36:58.831320
47	交警雨中执勤司机两次抛伞	129866		2020-05-16T05:36:58.831392
48	eStar诺言轮换	126407	新	2020-05-16T05:36:58.831464
49	杨紫海边写真	124049		2020-05-16T05:36:58.831554
50	前4月全国网购超3万亿元	113394	新	2020-05-16T05:36:58.831625
