排名	关键词	热度	特征	时间
1	正骨后的小鬼	4078687	沸	2020-05-24T04:53:41.143524
2	建议通过调剂周末再增6个小长假	1199956	新	2020-05-24T04:53:41.143660
3	喻言变温柔了	1191926	沸	2020-05-24T04:53:41.143778
4	王俊凯探访最高检	1178687	沸	2020-05-24T04:53:41.143891
5	建议为中小学幼儿园配备专职保安	890103	新	2020-05-24T04:53:41.144013
6	美国新冠病毒感染病例超过161万例	648756		2020-05-24T04:53:41.144137
7	吉林新增本土病例行程轨迹	590535	新	2020-05-24T04:53:41.144236
8	高校为设计专业学生办VR毕业展	510235		2020-05-24T04:53:41.144359
9	建议将过度弹窗运营商纳入失信名单	466901	新	2020-05-24T04:53:41.144457
10	77名诺奖获得者联名谴责美政府	459937		2020-05-24T04:53:41.144578
11	政协委员谈南方供暖需求问题	408959	新	2020-05-24T04:53:41.144673
12	秦昊曾要求伊能静退赛	395277	新	2020-05-24T04:53:41.144796
13	纽约时报提前公布次日头版	376679		2020-05-24T04:53:41.144916
14	有没有一种小龙虾是蓬松的	371879		2020-05-24T04:53:41.145011
15	吴昕跳舞	371725	热	2020-05-24T04:53:41.145106
16	朋友圈式交友相亲	371531		2020-05-24T04:53:41.145224
17	酒桌文化有多讨厌	371481		2020-05-24T04:53:41.145319
18	全面5G网络覆盖还需5至8年	371258	新	2020-05-24T04:53:41.145412
19	建议地铁建立免安检白名单	371174		2020-05-24T04:53:41.145532
20	你因为怕鬼做过哪些傻事	349569		2020-05-24T04:53:41.145628
21	周游记	343657		2020-05-24T04:53:41.145722
22	上海新增1例境外输入	287002		2020-05-24T04:53:41.145815
23	高伟光情商	231161		2020-05-24T04:53:41.145909
24	不计成本救新冠病人的成本到底是多少	226496		2020-05-24T04:53:41.146004
25	南方人第一次去搓澡的经历	225561		2020-05-24T04:53:41.146100
26	建议对援鄂在鄂医务人员心理援助	221855		2020-05-24T04:53:41.146194
27	建议联合港澳在深圳建设期货交易所	221737	新	2020-05-24T04:53:41.146289
28	开斋节	220591		2020-05-24T04:53:41.146409
29	被老师区别对待的经历	205373	新	2020-05-24T04:53:41.146502
30	期待Lisa组	198487		2020-05-24T04:53:41.146621
31	乃万甩话筒	189136		2020-05-24T04:53:41.146716
32	猫咪迷惑行为图鉴	185060		2020-05-24T04:53:41.146808
33	意大利下周对15万人进行血清学检测	181273		2020-05-24T04:53:41.146902
34	当代年轻人的常见谎言	173763	新	2020-05-24T04:53:41.146996
35	张艺凡反串	165849		2020-05-24T04:53:41.147114
36	孙如云p图实力	148241		2020-05-24T04:53:41.147208
37	美国房地产市场遭受严重打击	144107		2020-05-24T04:53:41.147302
38	TES晋级季后赛	143072		2020-05-24T04:53:41.147397
39	小朋友是生活里的哲学家	137659		2020-05-24T04:53:41.147489
40	幸福触手可及	130347		2020-05-24T04:53:41.147581
41	刘雨昕长发	122609		2020-05-24T04:53:41.147673
42	韫色过浓	117613		2020-05-24T04:53:41.147766
43	国漫要走出中国道路	102520		2020-05-24T04:53:41.147860
44	为喜欢的人做过最大的改变	101911	新	2020-05-24T04:53:41.147953
45	他人没法理解的自卑点	101712	新	2020-05-24T04:53:41.148084
46	孟鹤堂曾毅跳女团舞	101695		2020-05-24T04:53:41.148203
47	山东济宁3.1级地震	98039		2020-05-24T04:53:41.148296
48	前CUBA篮球队员参军护航亚丁湾	88544		2020-05-24T04:53:41.148389
49	全面推行消费投诉公示制度	79612	新	2020-05-24T04:53:41.148483
50	全国政协十三届三次会议第二场委员通道	77998		2020-05-24T04:53:41.148602
