排名	关键词	热度	特征	时间
1	爸爸要求儿子每天户外玩2小时	3590089	沸	2020-08-25T17:52:39.113245
2	香港发生大劫案	2365718	热	2020-08-25T17:52:39.113456
3	眼神放电挑战	2295257	荐	2020-08-25T17:52:39.113631
4	李尖尖真的给树洞投过稿	2201853	新	2020-08-25T17:52:39.113772
5	粉丝送张雨绮发掘生命中的无限可能	1363811	新	2020-08-25T17:52:39.113911
6	齐明月李尖尖吵架	1128922		2020-08-25T17:52:39.114051
7	韩国方便面向中国出口最多	1025345		2020-08-25T17:52:39.114171
8	乘风破浪的爱情	1021140		2020-08-25T17:52:39.114288
9	国防部回应美军机擅闯我演习禁飞区	1017885	新	2020-08-25T17:52:39.114401
10	海底捞排号	1017233	沸	2020-08-25T17:52:39.114539
11	凌霄梦到陈婷	944721		2020-08-25T17:52:39.114672
12	梅西	689597	新	2020-08-25T17:52:39.114782
13	马云捐出6.1亿股蚂蚁股份做公益	666953		2020-08-25T17:52:39.114910
14	耿爽在联合国批驳美英涉疆错误言论	632511		2020-08-25T17:52:39.115024
15	腾蛇好可爱	628820		2020-08-25T17:52:39.115143
16	北京人艺回应宋丹丹退休	618411		2020-08-25T17:52:39.115255
17	以家人之名竖屏	618201	新	2020-08-25T17:52:39.115368
18	U2	607147	新	2020-08-25T17:52:39.115498
19	邮政投递员将北大通知书投递给儿子	597493		2020-08-25T17:52:39.115624
20	李佳琦吴昕直播	581244	新	2020-08-25T17:52:39.115738
21	以家人之名	579205		2020-08-25T17:52:39.115871
22	首个水上苹果零售店	569821		2020-08-25T17:52:39.115980
23	李书福称正在研发核酸检测汽车	555432	新	2020-08-25T17:52:39.116096
24	赵一德当选陕西省省长	548105	新	2020-08-25T17:52:39.116201
25	王冰冰	534707	新	2020-08-25T17:52:39.116298
26	孤寡青蛙升级换代	531836	新	2020-08-25T17:52:39.116395
27	琉璃	523054		2020-08-25T17:52:39.116491
28	外卖小哥在消防赶到前将火扑灭	465772		2020-08-25T17:52:39.116566
29	七夕海棠酥	464835		2020-08-25T17:52:39.116642
30	在可可西里失联小伙已离世	464505		2020-08-25T17:52:39.116718
31	肖战自拍	436654		2020-08-25T17:52:39.116794
32	釜山行2	432712		2020-08-25T17:52:39.116870
33	我的CP必须过节	430223	新	2020-08-25T17:52:39.116946
34	央视七夕晚会	353208		2020-08-25T17:52:39.117041
35	万茜珍珠眼妆	342094		2020-08-25T17:52:39.117116
36	看到情侣的我	321599	新	2020-08-25T17:52:39.117191
37	七夕文案	311507		2020-08-25T17:52:39.117285
38	律师谈3岁女孩被喂到70斤做吃播	290361		2020-08-25T17:52:39.117359
39	杜蕾斯文案	286707		2020-08-25T17:52:39.117435
40	司凤我晕了我装的	284709	新	2020-08-25T17:52:39.117510
41	现实版跟对象过七夕	271065		2020-08-25T17:52:39.117607
42	狼殿下预告	266019		2020-08-25T17:52:39.117683
43	女孩七夕替父给母亲送花	262532		2020-08-25T17:52:39.117759
44	北京警方起底美容贷	239589		2020-08-25T17:52:39.117834
45	91个航班从首都机场转至大兴机场	220517		2020-08-25T17:52:39.117910
46	苏打绿演唱会	220112		2020-08-25T17:52:39.117985
47	拜登承诺若当选对富人加税	158410		2020-08-25T17:52:39.118060
48	南昌6家汉堡王被罚91万	136390		2020-08-25T17:52:39.118137
49	蚂蚁集团披露招股文件	111503		2020-08-25T17:52:39.118212
50	七夕蛤蟆	110808	新	2020-08-25T17:52:39.118287
