排名	关键词	热度	特征	时间
1	刘涛老公发长文	239346	热	2020-09-16T22:35:55.955187
2	飓风命名即将用尽	138006		2020-09-16T22:35:55.955283
3	每种热爱皆为风光	98739	荐	2020-09-16T22:35:55.955335
4	郑爽 我的文字我心疼你的嘲讽我不听	96672		2020-09-16T22:35:55.955397
5	鹿晗	86009	沸	2020-09-16T22:35:55.955446
6	宋威龙半熟主义	76136	荐	2020-09-16T22:35:55.955507
7	电影版家有儿女	75277		2020-09-16T22:35:55.955575
8	统计局谈为何没出现报复性消费	64777		2020-09-16T22:35:55.955622
9	东莞理工学院城市学院	63413		2020-09-16T22:35:55.955669
10	蓬佩奥称越来越多国家支持美方世界观	63080		2020-09-16T22:35:55.955716
11	陈一鸣求婚李思雨成功	63070		2020-09-16T22:35:55.955763
12	娜扎回怼粉丝	60617		2020-09-16T22:35:55.955810
13	猴子偷手机后疯狂自拍	56332		2020-09-16T22:35:55.955856
14	南京停电	47605		2020-09-16T22:35:55.955902
15	香港第三波疫情已受控制	36887		2020-09-16T22:35:55.955947
16	沉默的真相	36882		2020-09-16T22:35:55.955994
17	李雪琴王建国好甜	36856		2020-09-16T22:35:55.956063
18	北京大兴机场固安城市航站楼启用	36825		2020-09-16T22:35:55.956111
19	火箭军某部夜间火力突击演练	36822		2020-09-16T22:35:55.956159
20	美辉瑞公司新冠疫苗出现副作用	36786		2020-09-16T22:35:55.956206
21	张芝芝和婆婆吵架	36757		2020-09-16T22:35:55.956254
22	罗志祥	36737	热	2020-09-16T22:35:55.956301
23	脱口秀大会后期配音	36734		2020-09-16T22:35:55.956366
24	泰国将提供270天旅游签证	36714		2020-09-16T22:35:55.956414
25	家中起火姐姐带9岁弟弟教科书式避险	33795		2020-09-16T22:35:55.956471
26	恶之花	32300		2020-09-16T22:35:55.956518
27	肖战最美逆行者造型	32159		2020-09-16T22:35:55.956564
28	黄景瑜回应喝酒对瓶吹	31412		2020-09-16T22:35:55.956609
29	河南省考成绩	31177		2020-09-16T22:35:55.956656
30	日本新首相菅义伟首次记者会	30273		2020-09-16T22:35:55.956702
31	人类可爱幼崽翻车图鉴	30224		2020-09-16T22:35:55.956748
32	当老师让小朋友带一种蔬菜	28127		2020-09-16T22:35:55.956793
33	陈一鸣终于找到工作了	28022		2020-09-16T22:35:55.956839
34	脱口秀大会六强	26955		2020-09-16T22:35:55.956884
35	外交部回应菅义伟当选日本首相	26190		2020-09-16T22:35:55.956929
36	TS教练好帅	25907		2020-09-16T22:35:55.956975
37	KPL阿古朵首秀	25733		2020-09-16T22:35:55.957020
38	最美逆行者片花	25124		2020-09-16T22:35:55.957066
39	张若昀胖的十斤瘦回来了	24582		2020-09-16T22:35:55.957112
40	勾画了了	24548		2020-09-16T22:35:55.957158
41	路晋吃醋	23984		2020-09-16T22:35:55.957204
42	AG TS	23247		2020-09-16T22:35:55.957249
43	小鸭子向你奔来的模样	20899		2020-09-16T22:35:55.957295
44	当男生不小心打开美颜特效	20773		2020-09-16T22:35:55.957340
45	反黑路人甲	20250		2020-09-16T22:35:55.957387
46	刘涛 我和家人很好	19017		2020-09-16T22:35:55.957433
47	立完flag的第二天	18319		2020-09-16T22:35:55.957479
48	虞书欣波点长裙	18246		2020-09-16T22:35:55.957525
49	印度累计确诊病例突破500万例	16213		2020-09-16T22:35:55.957570
50	茅台集团拟发行150亿公司债券	16060		2020-09-16T22:35:55.957616
