排名	关键词	热度	特征	时间
1	李佳琦小助理转幕后做合伙人	430505	沸	2020-05-06T20:57:38.157214
2	湖北首例新冠肺炎终末期患者肺移植手术	403095		2020-05-06T20:57:38.157312
3	肖战视频专访	394323	沸	2020-05-06T20:57:38.157380
4	李易峰劝架	355882	沸	2020-05-06T20:57:38.157458
5	被活埋的瘫痪母亲生命体征平稳	217328	沸	2020-05-06T20:57:38.157535
6	关空调后像极了案发现场	98720		2020-05-06T20:57:38.157612
7	武汉高三学生这样吃午餐	92595		2020-05-06T20:57:38.157675
8	华春莹霸气回应有人想借疫情打击中国	81477		2020-05-06T20:57:38.157736
9	伊朗宣布1万旧币换1新币	78946		2020-05-06T20:57:38.157797
10	金像奖	78358		2020-05-06T20:57:38.157858
11	马思纯祝贺周冬雨	77629	热	2020-05-06T20:57:38.157920
12	史上最热心的房东	76664		2020-05-06T20:57:38.157994
13	虎门大桥最新检测情况	72628		2020-05-06T20:57:38.158056
14	宋仁宗称怀吉是知己	69178		2020-05-06T20:57:38.158116
15	外卖小哥护送医生回医院救人	69177		2020-05-06T20:57:38.158176
16	郑秀文回应金像奖陪跑	69157		2020-05-06T20:57:38.158236
17	老人忘带钥匙用绳索从6楼吊孙子开门	69146		2020-05-06T20:57:38.158295
18	大唐明月阵容	69139		2020-05-06T20:57:38.158356
19	小学生世界名画仿拍秀	69129		2020-05-06T20:57:38.158415
20	货拉拉回应搬家司机坐地起价	69120		2020-05-06T20:57:38.158476
21	中信银行回应池子投诉	69105		2020-05-06T20:57:38.158536
22	戴耳机玩手机游戏导致失聪	69100		2020-05-06T20:57:38.158594
23	男子疑活埋瘫痪母亲	67997		2020-05-06T20:57:38.158654
24	来重庆荡秋千吗	54211		2020-05-06T20:57:38.158713
25	印尼班达海7.2级地震	49041		2020-05-06T20:57:38.158772
26	黄晓明 小明历险记	49020		2020-05-06T20:57:38.158831
27	杭州5天发生11起汽车自燃	48884		2020-05-06T20:57:38.158891
28	韩国比赛因疫情设假人观众	47482		2020-05-06T20:57:38.158951
29	俄罗斯文化部长确诊新冠肺炎	45535		2020-05-06T20:57:38.159009
30	小鹿的可爱叫声	44073		2020-05-06T20:57:38.159068
31	SM慈善公演延期	43274		2020-05-06T20:57:38.159127
32	郑秀文陪跑	42650		2020-05-06T20:57:38.159186
33	当遥控器突然失灵时	41600		2020-05-06T20:57:38.159245
34	约翰逊复工首次质询称工作的感觉真好	40730		2020-05-06T20:57:38.159304
35	官方回应洒水车驱逐赶集人群	40371		2020-05-06T20:57:38.159364
36	你现在仍保留的孩子气行为	38882		2020-05-06T20:57:38.159424
37	全国老师统一的口头禅	37488		2020-05-06T20:57:38.159483
38	多地明确520和521婚姻登记需预约	35994		2020-05-06T20:57:38.159541
39	徽柔听曹评唱歌	35631		2020-05-06T20:57:38.159601
40	92岁外婆带83岁奶奶摸河蚌	34215		2020-05-06T20:57:38.159659
41	带一车纸尿裤支援武汉的医生回家了	34040		2020-05-06T20:57:38.159719
42	易烊千玺金像奖最佳新演员	32408		2020-05-06T20:57:38.159778
43	敦煌沙漠深处迎万只水鸟	31359		2020-05-06T20:57:38.159836
44	重庆酒店的床头礼物	30608		2020-05-06T20:57:38.159895
45	武汉商场再现百米购物长队	30522		2020-05-06T20:57:38.159954
46	中央要求提升疫情监测预警能力	28209		2020-05-06T20:57:38.160013
47	周冬雨金像奖最佳女主角	26025		2020-05-06T20:57:38.160072
48	糖果色美甲	24780		2020-05-06T20:57:38.160132
49	三星继承人李在镕道歉	23456		2020-05-06T20:57:38.160206
50	高校掏400万为师生做核酸检测	22859		2020-05-06T20:57:38.160268
