排名	关键词	热度	特征	时间
1	张萌 林有有这样的角色我不会演	4920070	新	2020-08-04T09:49:42.925398
2	遭男老师性侵男学生发声	2097584	热	2020-08-04T09:49:42.925535
3	三十而已	2087194	荐	2020-08-04T09:49:42.925651
4	关晓彤探班鹿晗	2003123	热	2020-08-04T09:49:42.925762
5	路人看到王俊凯的表情	1744269	沸	2020-08-04T09:49:42.925871
6	华为最高档天才少年年薪201万	1708589		2020-08-04T09:49:42.925979
7	峨眉山山林两具遗骸系自缢身亡	1625615	热	2020-08-04T09:49:42.926074
8	主播账号分级分类管理	1598191	新	2020-08-04T09:49:42.926198
9	驻港部队汽车兵的硬核实力	1466965	新	2020-08-04T09:49:42.926320
10	三十而已编剧回应大结局争议	1456719	沸	2020-08-04T09:49:42.926441
11	潘玮柏	1451432	沸	2020-08-04T09:49:42.926559
12	李白的钱哪来的	1346007	热	2020-08-04T09:49:42.926677
13	台风黑格比	1294027		2020-08-04T09:49:42.926794
14	哈尔滨一厂房坍塌	1243270	新	2020-08-04T09:49:42.926887
15	阿古朵	1222032		2020-08-04T09:49:42.927003
16	仙桃一化工厂闪爆致6死4伤	1133376		2020-08-04T09:49:42.927097
17	南京失联女毕业生父亲发声	1117212	新	2020-08-04T09:49:42.927189
18	iPhone12或分两批上市	947378		2020-08-04T09:49:42.927306
19	Zoom将停止向中国提供直接服务	732837		2020-08-04T09:49:42.927399
20	张雨绮山东话rap	547623	新	2020-08-04T09:49:42.927493
21	游客扎堆U型公路中央拍照	447131		2020-08-04T09:49:42.927611
22	阅过兵又抗洪的兵哥哥领证	423113	新	2020-08-04T09:49:42.927703
23	章子怡VOGUE金九封面	386545		2020-08-04T09:49:42.927820
24	白天开饭店晚上挖地道盗文物	281017		2020-08-04T09:49:42.927913
25	港股	269661	新	2020-08-04T09:49:42.928019
26	舒淇出演林俊杰MV	263714		2020-08-04T09:49:42.928142
27	言承旭身材	261693		2020-08-04T09:49:42.928237
28	时速350公里高铁列车将从海底驶过	253160		2020-08-04T09:49:42.928330
29	刘永坦捐出最高科技奖800万奖金	235669		2020-08-04T09:49:42.928424
30	重庆的地铁站能有多深	226097		2020-08-04T09:49:42.928517
31	张月演技	217174		2020-08-04T09:49:42.928610
32	李斯丹妮王智 复古disco	214189		2020-08-04T09:49:42.928702
33	谭德塞发出口罩动员令	207373	新	2020-08-04T09:49:42.928795
34	外交部回应美制裁新疆生产建设兵团	200741		2020-08-04T09:49:42.928911
35	祁连山非法采煤获利百亿	196346		2020-08-04T09:49:42.929004
36	王俊凯白色西装生图	191030		2020-08-04T09:49:42.929097
37	人大教授评满分作文生活在树上	185060		2020-08-04T09:49:42.929189
38	黑人之死执法记录仪画面	181726		2020-08-04T09:49:42.929281
39	民间大神打脸现场	169130		2020-08-04T09:49:42.929373
40	男子拒戴口罩捶公交司机16拳获刑	157083		2020-08-04T09:49:42.929466
41	罗霈颖去世	151954		2020-08-04T09:49:42.929560
42	股票	143196		2020-08-04T09:49:42.929652
43	大爷用蔬菜制作出动物世界	139523		2020-08-04T09:49:42.929744
44	林有有 许幻山	133625		2020-08-04T09:49:42.929837
45	大连封闭80个居民小区	125913		2020-08-04T09:49:42.929930
46	荷包蛋焖面	125663	新	2020-08-04T09:49:42.930023
47	660多种外来物种入侵中国	125512		2020-08-04T09:49:42.930140
48	熊猫叫声原来是这样的	123801	新	2020-08-04T09:49:42.930233
49	杨紫杨洋七夕大片	123753		2020-08-04T09:49:42.930350
50	浙江乐清城区多处内涝	123387		2020-08-04T09:49:42.930443
