排名	关键词	热度	特征	时间
1	多芬道歉	5602303	新	2020-05-31T04:51:44.123375
2	华春莹发推	3522270	热	2020-05-31T04:51:44.123677
3	王一博0点抢HFP	3374689	荐	2020-05-31T04:51:44.123916
4	虞书欣澄清甩开刘雨昕的手	3346578	新	2020-05-31T04:51:44.124139
5	喻言是忙内	2809757	沸	2020-05-31T04:51:44.124346
6	青春有你意难平	1579099	沸	2020-05-31T04:51:44.124545
7	马丁路德金女儿就抗议发声	1530176		2020-05-31T04:51:44.124739
8	鹿晗MV制作公司道歉	1294786	新	2020-05-31T04:51:44.124909
9	警方通报教师涉嫌体罚学生	1067331	沸	2020-05-31T04:51:44.125104
10	叶冲牺牲	1022069		2020-05-31T04:51:44.125304
11	李宇春 好听	924547	热	2020-05-31T04:51:44.125462
12	我国新冠肺炎患病率全世界最低	789873		2020-05-31T04:51:44.125652
13	比利时王子新冠病毒检测呈阳性	713518		2020-05-31T04:51:44.125819
14	乃万哭着说终于结束了	595216	热	2020-05-31T04:51:44.125992
15	赵小棠妈妈也太年轻了	580813	热	2020-05-31T04:51:44.126188
16	许光汉谢娜重现想见你片段	573258		2020-05-31T04:51:44.126381
17	SpaceX载人火箭发射成功	554812		2020-05-31T04:51:44.126548
18	陈卓璇镜头	531278		2020-05-31T04:51:44.126709
19	全国妈妈统一的叫醒方式	514561	新	2020-05-31T04:51:44.126865
20	钟美美	499892	新	2020-05-31T04:51:44.127058
21	特朗普观看SpaceX载人飞船发射	481719	新	2020-05-31T04:51:44.127244
22	西雅图	471473		2020-05-31T04:51:44.127438
23	洛杉矶骚乱533人被警方逮捕	459254		2020-05-31T04:51:44.127595
24	成都地摊经济	423849		2020-05-31T04:51:44.127760
25	当老师复课后第一次看见学生	406204	新	2020-05-31T04:51:44.127919
26	白岩松评西安扫灰称重考核环卫工	404067	新	2020-05-31T04:51:44.128128
27	永远的君主	374506		2020-05-31T04:51:44.128337
28	我不喜欢社交的真实原因	338596		2020-05-31T04:51:44.128500
29	崔娃	308635		2020-05-31T04:51:44.128665
30	上官透身世真相	307266		2020-05-31T04:51:44.128821
31	刘雨昕断层C位出道	306762		2020-05-31T04:51:44.128981
32	罗云熙哭戏	294125		2020-05-31T04:51:44.129142
33	美国示威已席卷22个州32个城市	274260		2020-05-31T04:51:44.129297
34	潜江6月做核酸检测每人补贴52元	268718	新	2020-05-31T04:51:44.129463
35	金子涵第十一	214389		2020-05-31T04:51:44.129658
36	美国	212790		2020-05-31T04:51:44.129816
37	capper毒奶	181241		2020-05-31T04:51:44.129966
38	洛杉矶	177511		2020-05-31T04:51:44.130117
39	秦海璐 站得多高不重要	170287		2020-05-31T04:51:44.130268
40	青春有你2成团名单	168085		2020-05-31T04:51:44.130427
41	青你2团名THE NINE	161128		2020-05-31T04:51:44.130584
42	猎 车祸现场	157262		2020-05-31T04:51:44.130745
43	大兴安岭两起森林火灾均已合围	149883	新	2020-05-31T04:51:44.130899
44	山东新增2例境外输入病例	144946		2020-05-31T04:51:44.131097
45	美国警察膝盖顶颈致死黑人生平	112954		2020-05-31T04:51:44.131260
46	G7峰会推迟至9月举行	88498	新	2020-05-31T04:51:44.131427
47	豆瓣 卡	79577		2020-05-31T04:51:44.131622
48	费德勒成收入最高运动员	79523		2020-05-31T04:51:44.131776
49	TS战胜VG	79509		2020-05-31T04:51:44.131938
50	任嘉伦	79495		2020-05-31T04:51:44.132111
