排名	关键词	热度	特征	时间
1	张嘉译改名张嘉益	5903714	新	2020-08-06T17:45:47.226206
2	杭州杀妻案嫌疑人被批捕	3660890	热	2020-08-06T17:45:47.226387
3	LV春夏21男装秀	3610048	荐	2020-08-06T17:45:47.226541
4	宋小女发文	3502008	沸	2020-08-06T17:45:47.226711
5	姜小果拒绝周寻	1587884	新	2020-08-06T17:45:47.226874
6	吴亦凡背两米高玩偶走秀	1277336	沸	2020-08-06T17:45:47.227034
7	刘敏涛跳无价之姐的表情	1226907	热	2020-08-06T17:45:47.227196
8	华春莹入选抗疫国家表彰推荐对象	1096245	新	2020-08-06T17:45:47.227353
9	1万亿抗疫特别国债全部发行完毕	1086237		2020-08-06T17:45:47.227511
10	二十不惑	1084547		2020-08-06T17:45:47.227637
11	琉璃单方面与芒果TV解约	1003163		2020-08-06T17:45:47.227763
12	琉璃美人煞	918768	新	2020-08-06T17:45:47.227890
13	南京被害女大学生家属谈洪某	778321		2020-08-06T17:45:47.228064
14	包头达茂旗鼠疫1人死亡35人被隔离	529480	新	2020-08-06T17:45:47.228194
15	优酷爱奇艺因违法违规被处罚	500518	热	2020-08-06T17:45:47.228353
16	虞书欣复古红裙造型	481581		2020-08-06T17:45:47.228509
17	赵睿	480409		2020-08-06T17:45:47.228632
18	107岁老人每天能做100个拉伸	475139	新	2020-08-06T17:45:47.228754
19	包商银行将被提起破产申请	467831	新	2020-08-06T17:45:47.228910
20	奚梦瑶复工	458652	新	2020-08-06T17:45:47.229065
21	东北雪糕行业繁荣的原因	454877		2020-08-06T17:45:47.229219
22	张玉环说希望宋小女幸福	447201	新	2020-08-06T17:45:47.229342
23	RNG无缘季后赛	445578		2020-08-06T17:45:47.229496
24	美疾控中心再次警告民众勿喝洗手液	436304		2020-08-06T17:45:47.229620
25	赵优秀赴约梁爽前男友	431133		2020-08-06T17:45:47.229742
26	钟楚曦自己涂鸦拍照背景	428691		2020-08-06T17:45:47.229866
27	司凤结巴	409146	新	2020-08-06T17:45:47.229987
28	中国旅加大熊猫面临断粮	403960		2020-08-06T17:45:47.230143
29	朱彦西肘击杜润旺	403289	新	2020-08-06T17:45:47.230265
30	周峻纬单场21分	402742		2020-08-06T17:45:47.230420
31	在一起真实	376953		2020-08-06T17:45:47.230542
32	白雪否认与张一山复合	325332		2020-08-06T17:45:47.230666
33	赵丽颖 幸福到万家	272904		2020-08-06T17:45:47.230790
34	外交部回应美称将清除微信等中国APP	257971		2020-08-06T17:45:47.230914
35	蔡徐坤MV 章若楠	251146		2020-08-06T17:45:47.231036
36	绵阳凯德	242134		2020-08-06T17:45:47.231159
37	任豪连进三分球	238590		2020-08-06T17:45:47.231282
38	TFBOYS歌词字数分配	234587		2020-08-06T17:45:47.231403
39	在一起首发预告	212034		2020-08-06T17:45:47.231527
40	段振宇第三次告白未果	207149		2020-08-06T17:45:47.231650
41	灯火	205060		2020-08-06T17:45:47.231773
42	家人回应吴春红获262万余元国家赔偿	198589		2020-08-06T17:45:47.231895
43	李由	186166	新	2020-08-06T17:45:47.232031
44	无油香酥炸鸡块	184201	新	2020-08-06T17:45:47.232190
45	小妇人定档	183752		2020-08-06T17:45:47.232346
46	外交部回应澳总理称欢迎中国崛起	179438		2020-08-06T17:45:47.232470
47	林书豪25分	166717	新	2020-08-06T17:45:47.232594
48	中国驻加大使谈孟晚舟事件	152629	新	2020-08-06T17:45:47.232749
49	北京首钢战胜广东宏远	151354	新	2020-08-06T17:45:47.232907
50	中传考研改革	150495		2020-08-06T17:45:47.233061
