排名	关键词	热度	特征	时间
1	官方辟谣蒙牛伊利等左右国家标准	877200		2020-07-11T00:47:46.442371
2	伊能静黄圣依张萌 后妈茶话会	411469	热	2020-07-11T00:47:46.442525
3	井柏然的生活范儿	369584	荐	2020-07-11T00:47:46.442689
4	江苏句容出现1例登革热病例	367379		2020-07-11T00:47:46.442854
5	微博管理员回应晨小晨事件	345781	沸	2020-07-11T00:47:46.442985
6	窦骁	336657	热	2020-07-11T00:47:46.443145
7	吴尊友说此次疫情应对要感谢西城大爷	313931		2020-07-11T00:47:46.443304
8	向往的生活	276428		2020-07-11T00:47:46.443434
9	什刹海	265716		2020-07-11T00:47:46.443562
10	香港青年质问美国为何如此双标	253071		2020-07-11T00:47:46.443689
11	宝蓝好稳	178573		2020-07-11T00:47:46.443815
12	张雨绮组第一	167446		2020-07-11T00:47:46.443941
13	容婳流产	166218		2020-07-11T00:47:46.444088
14	黄明睿淘汰	158792		2020-07-11T00:47:46.444215
15	香港新增32例本地病例	158375		2020-07-11T00:47:46.444339
16	赵立坚称美方在揣着明白装糊涂	158023		2020-07-11T00:47:46.444465
17	近百留学生网购回国机票被骗	157465		2020-07-11T00:47:46.444591
18	郑乃馨道歉	156977		2020-07-11T00:47:46.444715
19	全聚德上半年预亏至少1.39亿元	156432		2020-07-11T00:47:46.444839
20	妈妈变身汤姆猫迎接高考儿子	156131		2020-07-11T00:47:46.444965
21	奈何boss又如何	150927		2020-07-11T00:47:46.445090
22	程潇微博改名	144930		2020-07-11T00:47:46.445216
23	高三老师签永久假条学生喊不同意	128541		2020-07-11T00:47:46.445339
24	本科生带老婆孩子拍毕业照	121473		2020-07-11T00:47:46.445464
25	认出了好朋友的小羊	116062		2020-07-11T00:47:46.445589
26	路上遇到熟人的尴尬	105202		2020-07-11T00:47:46.445714
27	万茜造型	101441		2020-07-11T00:47:46.445839
28	丁程鑫跳无价之姐	96255		2020-07-11T00:47:46.445964
29	特朗普首次承诺戴口罩	95822		2020-07-11T00:47:46.446090
30	无印良品美国子公司申请破产保护	93535		2020-07-11T00:47:46.446215
31	香港踩踏焚烧国旗男子改判入狱5周	92687		2020-07-11T00:47:46.446338
32	奔跑吧	91352		2020-07-11T00:47:46.446464
33	中央储备冻猪肉累计投放43万吨	90297		2020-07-11T00:47:46.446587
34	阿朵经纪人发文	90103		2020-07-11T00:47:46.446711
35	宁静把郑希怡脸亲黑了	88249		2020-07-11T00:47:46.446837
36	赌王何鸿燊出殡	86373		2020-07-11T00:47:46.446959
37	韩警方排除首尔市长身亡他杀嫌疑	85425		2020-07-11T00:47:46.447083
38	炙热的我们	81412		2020-07-11T00:47:46.447208
39	少年之名	79987		2020-07-11T00:47:46.447331
40	吴昕一字马	77901		2020-07-11T00:47:46.447456
41	科比ins转为缅怀账户	72824		2020-07-11T00:47:46.447579
42	医学生打游戏的优势	70469		2020-07-11T00:47:46.447703
43	angelababy双马尾自拍	67379		2020-07-11T00:47:46.447827
44	张萌的海豚音好励志	65938		2020-07-11T00:47:46.447950
45	日本举办可以偷的艺术展	64264		2020-07-11T00:47:46.448092
46	腾讯老干妈和解	63684		2020-07-11T00:47:46.448218
47	最强大脑	59293		2020-07-11T00:47:46.448342
48	Puff寒冰	54824		2020-07-11T00:47:46.448465
49	乘风破浪的姐姐二公	54053		2020-07-11T00:47:46.448570
50	iG ES	53667		2020-07-11T00:47:46.448659
