排名	关键词	热度	特征	时间
1	张一山	4839933	热	2020-08-05T12:44:48.683192
2	石家庄最大烂尾楼盘成网红拍照圣地	4247419	热	2020-08-05T12:44:48.683368
3	方媛回复网友	4222758	新	2020-08-05T12:44:48.683532
4	许子言 如果我选爸爸	2773710	新	2020-08-05T12:44:48.683696
5	密室大逃脱	1102296	新	2020-08-05T12:44:48.683859
6	大理洱海现龙吸水	808872		2020-08-05T12:44:48.684032
7	南京遇害女生男友曾一起去报案	571961	沸	2020-08-05T12:44:48.684169
8	中国赴黎巴嫩维和部队待命救援	458068		2020-08-05T12:44:48.684324
9	美军发射一枚民兵3洲际导弹	453073		2020-08-05T12:44:48.684450
10	浙二眼科	448758	热	2020-08-05T12:44:48.684572
11	女团成员因私联粉丝被判赔35万	442434		2020-08-05T12:44:48.684728
12	张月李泽锋微博评论	441228	热	2020-08-05T12:44:48.684853
13	航拍黎巴嫩爆炸现场	411747	新	2020-08-05T12:44:48.685008
14	导致爆炸的2750吨硝酸铵堆放了6年	376149		2020-08-05T12:44:48.685163
15	深圳地铁方面回应童言广告语	364525		2020-08-05T12:44:48.685289
16	陈美君	359791	新	2020-08-05T12:44:48.685411
17	广州海珠涌大桥下的钉子户	352412		2020-08-05T12:44:48.685567
18	075	349927		2020-08-05T12:44:48.685691
19	10万余箱问题坚果流入市场	344251		2020-08-05T12:44:48.685815
20	像极了第一次搓澡的你	337470	新	2020-08-05T12:44:48.685939
21	吴彦祖近照	328022		2020-08-05T12:44:48.686093
22	爷爷打着手电给孙女看报考资料	318915		2020-08-05T12:44:48.686218
23	自制火鸡面辣条	318277		2020-08-05T12:44:48.686342
24	凭实力招恨的影视角色	312096		2020-08-05T12:44:48.686467
25	一中国公民黎巴嫩爆炸中受轻伤	309881		2020-08-05T12:44:48.686588
26	鹿晗连续6天拍打戏中暑	307578		2020-08-05T12:44:48.686714
27	邓伦 人生难得窝囊	300404		2020-08-05T12:44:48.686837
28	外交部回应美卫生部长将率团访台	296415		2020-08-05T12:44:48.686961
29	华为年薪201万天才少年回应	292552		2020-08-05T12:44:48.687084
30	护士跪地坚持为老人心肺复苏后手发抖	288236	新	2020-08-05T12:44:48.687207
31	冯远征拟任北京人艺副院长	280166		2020-08-05T12:44:48.687363
32	香港新增确诊病例85例	253956	新	2020-08-05T12:44:48.687487
33	为暗恋的人做哈利波特攻略	234590		2020-08-05T12:44:48.687642
34	黎巴嫩政府为遇难者哀悼三天	232800	新	2020-08-05T12:44:48.687765
35	硝酸铵是什么	232623		2020-08-05T12:44:48.687919
36	赵薇仙气朦胧大片	231905		2020-08-05T12:44:48.688057
37	郑爽港风造型	231509		2020-08-05T12:44:48.688187
38	杭州新增1例无症状感染者	182439		2020-08-05T12:44:48.688310
39	开走起火货车司机新车配齐	148234	新	2020-08-05T12:44:48.688433
40	琉璃定档	143762	新	2020-08-05T12:44:48.688591
41	陈天雨	139496	新	2020-08-05T12:44:48.688745
42	THE9首张EP海报	135167	新	2020-08-05T12:44:48.688899
43	苹果全球营销高级副总裁将卸任	128035	新	2020-08-05T12:44:48.689054
44	央视评男教师10年猥亵20多名男生	123553		2020-08-05T12:44:48.689208
45	杨幂粉色旗袍	118183	新	2020-08-05T12:44:48.689333
46	作者回应带女儿穿越回我爱我家	110888		2020-08-05T12:44:48.689487
47	江南百景图金画轴抽卡	108030		2020-08-05T12:44:48.689612
48	苹果更新27寸iMac	99428		2020-08-05T12:44:48.689734
49	公安部督办100起长江非法捕捞案件	98949	新	2020-08-05T12:44:48.689857
50	独居老人家中摔倒4天靠敲盆获救	98326		2020-08-05T12:44:48.690011
