排名	关键词	热度	特征	时间
1	姜潮妈妈婚前给麦迪娜买房	3795949	热	2020-05-29T04:52:43.879010
2	家暴出轨不受离婚冷静期限制	3463135	沸	2020-05-29T04:52:43.879145
3	理想生活狂欢季	3407966	荐	2020-05-29T04:52:43.879262
4	马伊琍	3272897	新	2020-05-29T04:52:43.879374
5	林志颖妈妈陈若仪相处	2123733	新	2020-05-29T04:52:43.879484
6	中国6亿人月收入仅1000元	1243073	沸	2020-05-29T04:52:43.879594
7	李兰娟 吸烟者感染后变重症风险更大	979181		2020-05-29T04:52:43.879701
8	香港特区政府强烈反对美国涉港报告	584889	新	2020-05-29T04:52:43.879788
9	Knight艾克秒杀Faker沙皇	577095		2020-05-29T04:52:43.879918
10	居住权	571183	沸	2020-05-29T04:52:43.880023
11	张文宏谈乘飞机回国注意事项	454373	新	2020-05-29T04:52:43.880137
12	美国明尼阿波利斯市进入紧急状态	404545	新	2020-05-29T04:52:43.880248
13	中国驻美大使馆就香港事务发声	398431	新	2020-05-29T04:52:43.880358
14	赵丽颖 健身有点小优势	379697	热	2020-05-29T04:52:43.880472
15	仝卓 快乐大本营	376163	热	2020-05-29T04:52:43.880582
16	公安部指导支持香港警队止暴制乱	368264	新	2020-05-29T04:52:43.880693
17	郑钧越努力越心酸	365241		2020-05-29T04:52:43.880802
18	婆婆和妈妈	347080		2020-05-29T04:52:43.880889
19	百兽哭了	340237		2020-05-29T04:52:43.880978
20	长期不上班是啥体验	319302		2020-05-29T04:52:43.881064
21	人太过聪明通透有什么不好	301835	新	2020-05-29T04:52:43.881153
22	陈粒且慢	299484		2020-05-29T04:52:43.881261
23	驻加使馆 加拿大扮演美方帮凶角色	241538		2020-05-29T04:52:43.881347
24	明尼苏达州暴力抗议活动升级	209050		2020-05-29T04:52:43.881436
25	福克斯主播批抗议示威是暴乱	186735		2020-05-29T04:52:43.881523
26	陈伟霆盔甲造型	186600		2020-05-29T04:52:43.881609
27	陈钰琪 可爱	182821		2020-05-29T04:52:43.881696
28	意大利透明口罩	170305	新	2020-05-29T04:52:43.881782
29	衡水高三学子站立举读	159227		2020-05-29T04:52:43.881889
30	美国部分示威者焚烧美国国旗	152790		2020-05-29T04:52:43.881976
31	TT设计	151987		2020-05-29T04:52:43.882062
32	乃万短发	150165	新	2020-05-29T04:52:43.882149
33	哈利波特魔法觉醒	144093	新	2020-05-29T04:52:43.882256
34	明尼苏达州将出动国民警卫队	144011		2020-05-29T04:52:43.882362
35	婚姻法	142691		2020-05-29T04:52:43.882448
36	暴力抗议后的明尼阿波利斯早晨	131566	新	2020-05-29T04:52:43.882533
37	离婚需要冷静吗	130452		2020-05-29T04:52:43.882640
38	离婚冷静期	125322		2020-05-29T04:52:43.882726
39	31省区市首次3个0新增	118473	新	2020-05-29T04:52:43.882813
40	袁姗姗道歉	116321		2020-05-29T04:52:43.882919
41	美国新冠肺炎确诊病例超171万	116238		2020-05-29T04:52:43.883005
42	月上重火	111692		2020-05-29T04:52:43.883091
43	当官方也开始玩谐音梗	106642		2020-05-29T04:52:43.883178
44	棕熊母子多次到管护站蹭吃	96105	新	2020-05-29T04:52:43.883263
45	罗云熙眼神	96034		2020-05-29T04:52:43.883371
46	丁禹兮 我不会离开大家的哦	95672		2020-05-29T04:52:43.883456
47	巴西单日新增死亡连续三天超1000	91528		2020-05-29T04:52:43.883543
48	应届生的身份到底多重要	91063		2020-05-29T04:52:43.883631
49	VG战胜GK	85002		2020-05-29T04:52:43.883717
50	百岁老人战胜新冠喝冰啤酒庆祝	81263		2020-05-29T04:52:43.883803
