排名	关键词	热度	特征	时间
1	顺丰回应送外卖	245360	沸	2020-05-11T20:49:45.678200
2	周杰伦林俊杰合唱	236891	沸	2020-05-11T20:49:45.678379
3	我来安利晒腰节	215271	荐	2020-05-11T20:49:45.678532
4	组织学生应援肖战老师被停职	204132	沸	2020-05-11T20:49:45.678675
5	宋仁宗曹皇后跪地痛哭	125644		2020-05-11T20:49:45.678821
6	毛肚原来长这样	116797		2020-05-11T20:49:45.678937
7	张韶涵与援鄂医生对唱	110270		2020-05-11T20:49:45.679061
8	快递小哥被客户诬陷崩溃大哭	108259	沸	2020-05-11T20:49:45.679180
9	徽柔曹评亲吻	104397		2020-05-11T20:49:45.679322
10	哈啰出行CEO遭法院限制消费	100704		2020-05-11T20:49:45.679433
11	韫色过浓	99344		2020-05-11T20:49:45.679545
12	刘德华连唱三首歌	88726	新	2020-05-11T20:49:45.679653
13	黑龙江一处陨石坑现神奇泉眼	88626		2020-05-11T20:49:45.679791
14	怀吉喜欢公主这样的妹妹	88041		2020-05-11T20:49:45.679903
15	隔空接吻护士已和丈夫领证	87097		2020-05-11T20:49:45.680012
16	夏天千万不要穿的鞋	86542		2020-05-11T20:49:45.680122
17	姐姐看管太严弟弟哭着到派出所求助	85945	新	2020-05-11T20:49:45.680253
18	烫大波浪的女孩有多好看	85836		2020-05-11T20:49:45.680394
19	香港海洋公园面临倒闭	84989		2020-05-11T20:49:45.680514
20	汪小敏 想见你想见你想见你	84764		2020-05-11T20:49:45.680639
21	开启自动驾驶高速出事故	84251	新	2020-05-11T20:49:45.680761
22	村民连续3天上山遇到黑熊幼崽	84040		2020-05-11T20:49:45.680916
23	孙燕姿 StayWithYou	82976		2020-05-11T20:49:45.681040
24	长在笑点上的综艺嘉宾	75262		2020-05-11T20:49:45.681162
25	学生进校刷脸测体温需交100元	69772		2020-05-11T20:49:45.681284
26	漫画中走出来的神仙颜值	67624		2020-05-11T20:49:45.681407
27	毕业后给你最大的感触	64411	新	2020-05-11T20:49:45.681528
28	逼疯节目组的游戏环节	59825		2020-05-11T20:49:45.681681
29	梁咏琪花火	53824		2020-05-11T20:49:45.681803
30	舒兰市全面进入战时状态	50150		2020-05-11T20:49:45.681925
31	华晨宇专辑	47687		2020-05-11T20:49:45.682047
32	韩夜店聚集性疫情已致86人确诊	46843		2020-05-11T20:49:45.682168
33	夏天瘦不下来的原因	46560		2020-05-11T20:49:45.682290
34	袁娅维 LoveCanFly	44218		2020-05-11T20:49:45.682412
35	外交部回应美限制中国记者新规	41669		2020-05-11T20:49:45.682534
36	水果姐晒B超视频	41265		2020-05-11T20:49:45.682656
37	赵丽颖冯绍峰牵手逛街	40851		2020-05-11T20:49:45.682778
38	广州暴雨	39369		2020-05-11T20:49:45.682900
39	71岁大爷蛋壳上刺绣	38925		2020-05-11T20:49:45.683020
40	papi酱置顶	38734		2020-05-11T20:49:45.683142
41	男生表白后在想什么	38367		2020-05-11T20:49:45.683263
42	意大利19岁球员脑动脉瘤破裂去世	38104		2020-05-11T20:49:45.683384
43	笑声像iPhone原键盘	37761		2020-05-11T20:49:45.683505
44	叶冲救池诚	35456		2020-05-11T20:49:45.683626
45	上海迪士尼重新开放翻包检查依旧	35396		2020-05-11T20:49:45.683747
46	南京小区近千棵树被剃光头	33103		2020-05-11T20:49:45.683869
47	上海迪士尼员工疫期未停薪降薪	31722		2020-05-11T20:49:45.683991
48	岳云鹏把壁纸换成张钧甯名字	29862		2020-05-11T20:49:45.684111
49	苹果可重新编辑已发送消息	29735		2020-05-11T20:49:45.684251
50	穿校服自成风景线的演员	27589		2020-05-11T20:49:45.684376
