排名	关键词	热度	特征	时间
1	林有有恶心	912059	沸	2020-07-31T00:44:49.556887
2	特朗普建议推迟2020大选	763372		2020-07-31T00:44:49.556981
3	陈旭内涵许幻山	678209		2020-07-31T00:44:49.557044
4	玄彬宋慧乔	618473	沸	2020-07-31T00:44:49.557105
5	许幻山山渣	382299	沸	2020-07-31T00:44:49.557179
6	秦昊妈妈劝伊能静谨言慎行	357923	热	2020-07-31T00:44:49.557252
7	张杰给王漫妮唱他不懂	321017		2020-07-31T00:44:49.557324
8	李登辉病亡	244553	沸	2020-07-31T00:44:49.557382
9	黄鸿发被执行死刑	234699		2020-07-31T00:44:49.557454
10	顾佳什么时候离婚	234076		2020-07-31T00:44:49.557511
11	王漫妮告别顾佳钟晓芹	226556		2020-07-31T00:44:49.557568
12	刘在石的ending好辛苦	209394		2020-07-31T00:44:49.557626
13	钟晓芹陈屿分家	205784		2020-07-31T00:44:49.557683
14	三星堆出土的陶猪撞脸了	205237		2020-07-31T00:44:49.557739
15	三十而已小头像	200036		2020-07-31T00:44:49.557796
16	赵继伟	195554		2020-07-31T00:44:49.557852
17	王漫妮精致穷仿妆	194419		2020-07-31T00:44:49.557908
18	这个蛋糕有点潦草了	165351		2020-07-31T00:44:49.557964
19	深圳卫健委发布人体健康经	158515		2020-07-31T00:44:49.558020
20	TFBOYS摄影师回应	151455		2020-07-31T00:44:49.558077
21	教养好的男生有多加分	146204		2020-07-31T00:44:49.558133
22	抖音回应被判侵害用户信息	133412		2020-07-31T00:44:49.558189
23	狱警分享如何让孩子免于性侵	129968		2020-07-31T00:44:49.558249
24	考科目二时有多紧张	127700		2020-07-31T00:44:49.558315
25	德云男团合体直播	119566		2020-07-31T00:44:49.558379
26	重启	111563		2020-07-31T00:44:49.558443
27	吉野家将关闭含中国市场内150家门店	100076		2020-07-31T00:44:49.558506
28	睡觉时被强制开机	98949		2020-07-31T00:44:49.558570
29	黄之锋等12人参选立法会提名无效	92127		2020-07-31T00:44:49.558633
30	生气鸭变回唐老鸭	91790		2020-07-31T00:44:49.558696
31	小猫咪的侧颜杀	85504		2020-07-31T00:44:49.558759
32	哈尔的移动城堡	81916		2020-07-31T00:44:49.558822
33	离人心上	76101		2020-07-31T00:44:49.558884
34	美国二季度GDP暴跌32.9%	76008		2020-07-31T00:44:49.558946
35	薇娅杨超越直播	75981		2020-07-31T00:44:49.559009
36	美股	74604		2020-07-31T00:44:49.559072
37	于正编辑记录	69264		2020-07-31T00:44:49.559135
38	当宠物看到特效	65341		2020-07-31T00:44:49.559198
39	杨紫造型师	60016		2020-07-31T00:44:49.559260
40	虞书欣学生时期旧照	59918		2020-07-31T00:44:49.559322
41	王者荣耀新英雄阿古朵	57305		2020-07-31T00:44:49.559384
42	Somi舞台	54534		2020-07-31T00:44:49.559447
43	张杰线上演唱会	54042		2020-07-31T00:44:49.559509
44	减脂番茄无米烩饭	53937		2020-07-31T00:44:49.559571
45	海底捞检出大肠菌群门店已营业	50454		2020-07-31T00:44:49.559634
46	天舞纪大结局	48784		2020-07-31T00:44:49.559697
47	西卡道歉	47380		2020-07-31T00:44:49.559760
48	外交部批美威胁中国企业还拿不出证据	47253		2020-07-31T00:44:49.559822
49	张月	46839		2020-07-31T00:44:49.559885
50	三十而已	44931		2020-07-31T00:44:49.559949
