排名	关键词	热度	特征	时间
1	赵丽颖 健身有点小优势	1347240	沸	2020-05-29T00:55:39.384870
2	美国部分示威者焚烧美国国旗	699569	沸	2020-05-29T00:55:39.385003
3	丁禹兮 我不会离开大家的哦	538281	沸	2020-05-29T00:55:39.385113
4	婚姻法	484654	沸	2020-05-29T00:55:39.385219
5	袁姗姗道歉	415300	热	2020-05-29T00:55:39.385324
6	宋威龙熬夜也发光	410108	荐	2020-05-29T00:55:39.385427
7	秋蝉	363378	沸	2020-05-29T00:55:39.385537
8	警方通报云南女生被多名男生殴打	279435	沸	2020-05-29T00:55:39.385651
9	Knight艾克秒杀Faker沙皇	168310		2020-05-29T00:55:39.385768
10	港澳办发言人谈人大涉港决议	165464		2020-05-29T00:55:39.385859
11	全球六分之一年轻人因疫情失业	162622		2020-05-29T00:55:39.385948
12	罗云熙眼神	162369		2020-05-29T00:55:39.386040
13	拉斯维加斯赌场老板送1000张单程机票	159783		2020-05-29T00:55:39.386130
14	燃烧	159665		2020-05-29T00:55:39.386221
15	离婚冷静期	158002		2020-05-29T00:55:39.386311
16	民法典	157161		2020-05-29T00:55:39.386400
17	GAI 没对	155246		2020-05-29T00:55:39.386489
18	当官方也开始玩谐音梗	154173		2020-05-29T00:55:39.386579
19	小朋友遇消防员出警秒变迷弟	153489		2020-05-29T00:55:39.386668
20	应届生的身份到底多重要	125156		2020-05-29T00:55:39.386758
21	塌鼻梁的女生能有多好看	116966		2020-05-29T00:55:39.386847
22	陈钰琪 可爱	115108		2020-05-29T00:55:39.386937
23	机智的医生生活第一季大结局	112958		2020-05-29T00:55:39.387027
24	演员不露脸不能入围金球奖	110249		2020-05-29T00:55:39.387116
25	农民用烧火棍在墙头作画	95255		2020-05-29T00:55:39.387204
26	冰箱出口订单排到8月份	79587		2020-05-29T00:55:39.387293
27	TT设计	79517		2020-05-29T00:55:39.387381
28	翟天临	79504		2020-05-29T00:55:39.387470
29	LCK	78555		2020-05-29T00:55:39.387558
30	林郑月娥声明	74268		2020-05-29T00:55:39.387646
31	美国示威者暴力冲击3家警局	70499		2020-05-29T00:55:39.387735
32	郑爽打许魏洲有多疼	68498		2020-05-29T00:55:39.387824
33	人脸图案口罩	68070		2020-05-29T00:55:39.387912
34	黄晓明问killingpart是啥	61565		2020-05-29T00:55:39.388009
35	十三届全国人大三次会议闭幕	60437		2020-05-29T00:55:39.388105
36	月上重火	60102		2020-05-29T00:55:39.388195
37	有个学医朋友是什么体验	58495		2020-05-29T00:55:39.388284
38	荔枝的正确打开方式	58011		2020-05-29T00:55:39.388373
39	LadyGaga和BLACKPINK的新歌	55332		2020-05-29T00:55:39.388462
40	我是唱作人	54849		2020-05-29T00:55:39.388552
41	韩国选秀节目翻车现场	48736		2020-05-29T00:55:39.388642
42	张艺兴长沙话rap	46553		2020-05-29T00:55:39.388732
43	你学的专业出过哪些名人	44507		2020-05-29T00:55:39.388822
44	两会	42079		2020-05-29T00:55:39.388911
45	李荣浩评论杨丞琳好久不见	41664		2020-05-29T00:55:39.389000
46	仝卓 往届生改应届生	39098		2020-05-29T00:55:39.389090
47	全国人大涉港决定通过	23848		2020-05-29T00:55:39.389180
48	TES晋级半决赛	21925		2020-05-29T00:55:39.389270
49	香港	20301		2020-05-29T00:55:39.389358
50	FPX晋级	17242		2020-05-29T00:55:39.389447
