排名	关键词	热度	特征	时间
1	徐明朝给Yamy的一封信	2085962	沸	2020-07-21T18:35:57.266656
2	央视记者手机拍摄以色列空袭叙利亚	971866	沸	2020-07-21T18:35:57.266845
3	顾佳原生家庭	936068	新	2020-07-21T18:35:57.267012
4	迪士尼在逃公主出街	900524	沸	2020-07-21T18:35:57.267172
5	三十而已台词	811691	沸	2020-07-21T18:35:57.267328
6	曾毅微博评论	795778	热	2020-07-21T18:35:57.267484
7	法国表态不会禁止华为在法投资5G	734885		2020-07-21T18:35:57.267640
8	三十而已	703589		2020-07-21T18:35:57.267767
9	王漫妮 社畜缩影	645103	新	2020-07-21T18:35:57.267895
10	梁爽为大宝打架	514085		2020-07-21T18:35:57.268109
11	陈屿性格	506696		2020-07-21T18:35:57.268257
12	金晨 我没有拿恋情炒作	489168	热	2020-07-21T18:35:57.268384
13	沙宝亮救人	479384	热	2020-07-21T18:35:57.268530
14	浙大通报努某某留校察看事件	469410		2020-07-21T18:35:57.268673
15	北京允许举办500人以下体育赛事活动	452003		2020-07-21T18:35:57.268795
16	罗艳发现妈妈做小三	439278	热	2020-07-21T18:35:57.268921
17	Yamy头像	428644	热	2020-07-21T18:35:57.269066
18	医生抱患者1分钟跑下4层楼送急救	423556	新	2020-07-21T18:35:57.269209
19	明星让人误会的虎狼之词	415875	新	2020-07-21T18:35:57.269359
20	乘公共交通戴口罩旅行结束后及时弃用	407447	新	2020-07-21T18:35:57.269507
21	重启	383749	新	2020-07-21T18:35:57.269658
22	特朗普自夸疫情发布会收视率超高	333979	新	2020-07-21T18:35:57.269810
23	两公交司机马路中间占道递槟榔	322928	新	2020-07-21T18:35:57.269957
24	张嘉倪为Yamy发声	320912	热	2020-07-21T18:35:57.270106
25	郁可唯 飞鸟与鱼的距离	308284		2020-07-21T18:35:57.270257
26	肖枫房子塌了	295381		2020-07-21T18:35:57.270377
27	你拍过最有漫画感的瞬间	239926	新	2020-07-21T18:35:57.270501
28	穿越火线戒网中心	236474		2020-07-21T18:35:57.270650
29	吴镇宇直播	236232		2020-07-21T18:35:57.270769
30	秦昊东升旅行社导游	189707		2020-07-21T18:35:57.270891
31	吐司盒螺蛳粉	161297		2020-07-21T18:35:57.271014
32	全国十大最堵三甲医院	160078		2020-07-21T18:35:57.271134
33	外交部回应英暂停与中国香港引渡条约	149785		2020-07-21T18:35:57.271255
34	横滨流星感染新冠	148722		2020-07-21T18:35:57.271376
35	班主任代替学生离异父母出席活动	146280		2020-07-21T18:35:57.271498
36	王婷	139209		2020-07-21T18:35:57.271617
37	抗洪一线官兵收到新衣了	137574	新	2020-07-21T18:35:57.271738
38	令人极度舒适的人设	125344		2020-07-21T18:35:57.271885
39	江西抗洪官兵收到山东姑娘跨省外卖	123540		2020-07-21T18:35:57.272022
40	1小时开4张罚单民警被停职	121462		2020-07-21T18:35:57.272153
41	吴尊友称未来出现疫情是一种常态	117556		2020-07-21T18:35:57.272278
42	出门遛狗忘记带狗了	107990		2020-07-21T18:35:57.272402
43	中国重组新冠疫苗二期临床试验结果	107423		2020-07-21T18:35:57.272494
44	职场PUA	107019		2020-07-21T18:35:57.272587
45	基金	106454		2020-07-21T18:35:57.272682
46	小偷行窃后逃跑公交司机跳窗追回	100157		2020-07-21T18:35:57.272780
47	广东高考7月23日放榜	96285		2020-07-21T18:35:57.272878
48	王漫妮我拥有的只是个饮水泵	94032		2020-07-21T18:35:57.272974
49	阴阳师	93703		2020-07-21T18:35:57.273070
50	抗洪一线的移动餐车	84059		2020-07-21T18:35:57.273165
