排名	关键词	热度	特征	时间
1	胡宇桐	308323	沸	2020-08-30T22:54:38.032591
2	交警抱摔醉酒猥亵女学生男子	182895		2020-08-30T22:54:38.032711
3	以家人之名	109833		2020-08-30T22:54:38.032792
4	香港小姐决赛	88714		2020-08-30T22:54:38.032870
5	贺子秋 为什么每一次被抛弃的都是我	87344	沸	2020-08-30T22:54:38.032945
6	襄汾饭店过寿老人下跪道歉	86960		2020-08-30T22:54:38.033039
7	日本政府计划9月17日选出新首相	86035		2020-08-30T22:54:38.033114
8	玻璃价格上涨	85043		2020-08-30T22:54:38.033187
9	杨紫编辑微博	84558	热	2020-08-30T22:54:38.033260
10	当地残联回应150米盲道改成十八弯	83597		2020-08-30T22:54:38.033352
11	心疼Rookie	82883		2020-08-30T22:54:38.033427
12	苏小落	81641		2020-08-30T22:54:38.033500
13	璇玑得知司凤是妖	81016		2020-08-30T22:54:38.033573
14	凌霄帮贺子秋还钱	80165		2020-08-30T22:54:38.033647
15	学生回应宿舍长出辣椒	79517		2020-08-30T22:54:38.033720
16	唐灿贺子秋	78691		2020-08-30T22:54:38.033793
17	美军核潜艇现身挪威近海	77993		2020-08-30T22:54:38.033866
18	新疆老兵退役前为战友打300个馕	76708		2020-08-30T22:54:38.033948
19	谢嘉怡香港小姐冠军	76539		2020-08-30T22:54:38.034033
20	胡宇桐问臧鸿飞怎么打鼓才不愣	73448		2020-08-30T22:54:38.034115
21	王艺瑾 甜	61749		2020-08-30T22:54:38.034197
22	喜欢留中分的姐妹要注意了	61118		2020-08-30T22:54:38.034278
23	央视曝不合格办公椅存爆炸风险	51458		2020-08-30T22:54:38.034359
24	学生返校晒被子时水管爆裂	49240		2020-08-30T22:54:38.034440
25	如何优雅地背着被子去学校	47840		2020-08-30T22:54:38.034521
26	天天向上	46981		2020-08-30T22:54:38.034602
27	广东一企业申请阿京腾百商标被否	44593		2020-08-30T22:54:38.034684
28	特朗普说自己的签名值1万美元	44474		2020-08-30T22:54:38.034763
29	12岁少年直播赚钱养家	44407		2020-08-30T22:54:38.034843
30	陈卓璇成了气氛组	41572		2020-08-30T22:54:38.034924
31	任豪给刘谦交魔术作业	34266		2020-08-30T22:54:38.035005
32	iG输了	34162		2020-08-30T22:54:38.035082
33	加拿大抗议者推倒首任总理雕像	33377		2020-08-30T22:54:38.035157
34	女童被风筝缠卷飞至半空	33258		2020-08-30T22:54:38.035237
35	河南延津村民靠捉蟋蟀致富	30095		2020-08-30T22:54:38.035310
36	情链	27415		2020-08-30T22:54:38.035383
37	Ning伤害3032	26163		2020-08-30T22:54:38.035456
38	S7冒泡赛兮夜用卡萨丁淘汰iG	25519		2020-08-30T22:54:38.035528
39	LGD晋级S10	25154		2020-08-30T22:54:38.035600
40	金晨发视频回应送勺粉丝	24763		2020-08-30T22:54:38.035672
41	张宏民	24586		2020-08-30T22:54:38.035743
42	阴阳师	24110		2020-08-30T22:54:38.035814
43	章子怡斥代拍	23315		2020-08-30T22:54:38.035886
44	电动牙刷的宿命	22876		2020-08-30T22:54:38.035958
45	物业回应女童滞留电梯找家长时坠亡	22322		2020-08-30T22:54:38.036040
46	武汉菜市场卖野生青蛙	21562		2020-08-30T22:54:38.036114
47	野生大熊猫倒立撒尿	21123		2020-08-30T22:54:38.036187
48	美国拟从银行转走伊朗17亿美元资产	20959		2020-08-30T22:54:38.036258
49	小花生的男枪	20649		2020-08-30T22:54:38.036333
50	乐山暴雨	18928		2020-08-30T22:54:38.036414
