排名	关键词	热度	特征	时间
1	王思聪要告营销号	1710673	沸	2020-05-25T03:43:51.603466
2	北宋古墓发现过仙桥	1461604	新	2020-05-25T03:43:51.603603
3	哎哟不错奥利奥	1249612	荐	2020-05-25T03:43:51.603717
4	美国宣布对巴西实施旅行禁令	754964		2020-05-25T03:43:51.603829
5	苞娜	750632	新	2020-05-25T03:43:51.603917
6	武汉欢乐谷有两只企鹅游客	747403		2020-05-25T03:43:51.604039
7	李现寸头	726096	沸	2020-05-25T03:43:51.604129
8	杨丞琳潘玮柏蔡依林同框	631642		2020-05-25T03:43:51.604236
9	内蒙古新增10例境外输入	600356	新	2020-05-25T03:43:51.604321
10	四川新增境外输入1例	559696	新	2020-05-25T03:43:51.604436
11	张艺凡 我赢来的荣誉谁都不要碰	522616		2020-05-25T03:43:51.604558
12	建议提高烟草税和烟草价格	522106		2020-05-25T03:43:51.604655
13	美国新冠病毒感染病例超164万例	521771		2020-05-25T03:43:51.604750
14	建议儿童罕见病用药纳入医保	521084	新	2020-05-25T03:43:51.604846
15	山东一别墅10年无人认领	520792		2020-05-25T03:43:51.604964
16	王毅最平静的语气说最硬气的话	519842		2020-05-25T03:43:51.605058
17	初吻时的尴尬经历	519707	新	2020-05-25T03:43:51.605153
18	王一博学跳孔雀舞	518741		2020-05-25T03:43:51.605271
19	怎样礼貌的拒绝换座位	518712		2020-05-25T03:43:51.605366
20	圣枪哥	456677		2020-05-25T03:43:51.605459
21	航拍开满水性杨花的泸沽湖	443684		2020-05-25T03:43:51.605551
22	把爱情喝没了	414229		2020-05-25T03:43:51.605642
23	白岩松说暴力伤医就是违法就是犯罪	373537		2020-05-25T03:43:51.605735
24	邓伦亲岳云鹏	358893		2020-05-25T03:43:51.605828
25	香港	326758		2020-05-25T03:43:51.605921
26	女子恋爱时获赠奔驰分手被判归还	296414		2020-05-25T03:43:51.606016
27	希林娜依高第一	259431		2020-05-25T03:43:51.606110
28	人的偏见到底有多可怕	251654		2020-05-25T03:43:51.606204
29	张雨绮用口红给粉丝签名	237445		2020-05-25T03:43:51.606295
30	你被迫学会了哪些社交常识	229954		2020-05-25T03:43:51.606387
31	上学后才知道的冷知识	218984	新	2020-05-25T03:43:51.606479
32	小孩的哪些话震惊了你	206453	新	2020-05-25T03:43:51.606598
33	陈卓璇好敢说	187660		2020-05-25T03:43:51.606716
34	海霞用一个比喻解释民法典	181400		2020-05-25T03:43:51.606808
35	大连高空项目安全绳脱落游客坠落	170063		2020-05-25T03:43:51.606899
36	刘雨昕哄虞书欣	169627		2020-05-25T03:43:51.606994
37	31省区市新增11例新冠肺炎	167031	新	2020-05-25T03:43:51.607088
38	Lisa组合作舞台	164674		2020-05-25T03:43:51.607206
39	吃汉堡最正确的姿势	163428		2020-05-25T03:43:51.607299
40	张语格 除了合唱我不想要任何part	159259		2020-05-25T03:43:51.607391
41	捕虞达人	148768		2020-05-25T03:43:51.607486
42	天天向上	130818		2020-05-25T03:43:51.607578
43	中国外交官说哪里有狼哪里就要主动应战	111379		2020-05-25T03:43:51.607669
44	31省区市新增无症状感染者40例	109541	新	2020-05-25T03:43:51.607763
45	政协委员建议提高流感疫苗接种率	106511		2020-05-25T03:43:51.607881
46	创造营排名	106499		2020-05-25T03:43:51.607974
47	悬崖村的初中生	98499		2020-05-25T03:43:51.608094
48	香港警方拘捕至少120名涉非法集结暴徒	84179		2020-05-25T03:43:51.608179
49	上海龙夺冠	78598		2020-05-25T03:43:51.608262
50	美国多地爆发理发抗议	75989		2020-05-25T03:43:51.608343
