排名	关键词	热度	特征	时间
1	方媛回复网友	2752012	热	2020-08-05T15:56:36.479585
2	警方调查四川女孩遭家暴失联	2599713		2020-08-05T15:56:36.479842
3	张旸	2541714	新	2020-08-05T15:56:36.479987
4	胡歌捐缝纫机给繁花剧组	1968141	新	2020-08-05T15:56:36.480175
5	姜小果戴段振宇头盔	1609189	新	2020-08-05T15:56:36.480365
6	恒大全球发布六款车	1606546	荐	2020-08-05T15:56:36.480567
7	像极了第一次搓澡的你	1603565	沸	2020-08-05T15:56:36.480761
8	张玉环改判无罪后和前妻相见	1600789		2020-08-05T15:56:36.480958
9	中方坚决反对人为制造所谓新冷战	1595248	新	2020-08-05T15:56:36.481126
10	美军发射一枚民兵3洲际导弹	1585745		2020-08-05T15:56:36.481327
11	玖月晞新文文案	1583567	沸	2020-08-05T15:56:36.481496
12	杨天真舞台劈叉	1577650	新	2020-08-05T15:56:36.481691
13	黎巴嫩爆炸造成25万人无家可归	1548645		2020-08-05T15:56:36.481882
14	密室大逃脱	1472252		2020-08-05T15:56:36.482051
15	襄阳一7岁留守女童失踪	1351424		2020-08-05T15:56:36.482211
16	外交部回应黎巴嫩首都爆炸事件	1230793		2020-08-05T15:56:36.482373
17	王一博直播	1164609		2020-08-05T15:56:36.482544
18	ES TES	1045117		2020-08-05T15:56:36.482702
19	博主AI复原百年前上海时装秀	1022445	新	2020-08-05T15:56:36.482851
20	苹果全球营销高级副总裁将卸任	1013401		2020-08-05T15:56:36.483048
21	许子言 如果我选爸爸	1008499	热	2020-08-05T15:56:36.483217
22	倪妮李佳琦直播	991435	新	2020-08-05T15:56:36.483412
23	周寻说喜欢姜小果	942627	新	2020-08-05T15:56:36.483603
24	这才是真正的仙女下凡	737019		2020-08-05T15:56:36.483794
25	自制火鸡面辣条	736983		2020-08-05T15:56:36.483956
26	爱情中控制欲强真的是爱吗	724863	新	2020-08-05T15:56:36.484139
27	张雨绮双马尾旗袍造型	721024	新	2020-08-05T15:56:36.484343
28	王毅接受新华社专访	717663		2020-08-05T15:56:36.484541
29	075	707303		2020-08-05T15:56:36.484704
30	江南百景图金画轴抽卡	702811		2020-08-05T15:56:36.484854
31	明日之子站姐发声	698312	新	2020-08-05T15:56:36.485014
32	郑允浩 露脸口罩	571972		2020-08-05T15:56:36.485204
33	杨幂粉色旗袍	559106		2020-08-05T15:56:36.485363
34	重启	501782	新	2020-08-05T15:56:36.485519
35	边牧有多万能	451647	新	2020-08-05T15:56:36.485701
36	琉璃定档	379648		2020-08-05T15:56:36.485888
37	郭敬明微电影太好哭了	378548	新	2020-08-05T15:56:36.486042
38	锦绣南歌	377144	新	2020-08-05T15:56:36.486231
39	THE9首张EP海报	351446		2020-08-05T15:56:36.486418
40	脱口秀大会	324911	新	2020-08-05T15:56:36.486575
41	医生划皮划艇去上班	275424		2020-08-05T15:56:36.486762
42	女团成员因私联粉丝被判赔35万	254232		2020-08-05T15:56:36.486921
43	秦昊薇娅直播	225692	新	2020-08-05T15:56:36.487087
44	郭艾伦违体犯规	160508	新	2020-08-05T15:56:36.487277
45	张月李泽锋微博评论	156515		2020-08-05T15:56:36.487464
46	导致爆炸的2750吨硝酸铵堆放了6年	140882		2020-08-05T15:56:36.487626
47	爷爷打着手电给孙女看报考资料	135010		2020-08-05T15:56:36.487793
48	股市	63603		2020-08-05T15:56:36.487964
49	广州海珠涌大桥下的钉子户	63072		2020-08-05T15:56:36.488149
50	石家庄最大烂尾楼盘成网红拍照圣地	62215		2020-08-05T15:56:36.488291
